q1	q2	q3	qd1	qd2	qd3	qdd1	qdd2	qdd3	trq2_dyn	trq3_dyn	
-0.375011	1.80005	-1.79994	0.0531751	0	0	53.1751	0	0	-30.7993	2.16116	
-0.374858	1.80005	-1.79994	0.0494705	0	0	24.7352	0	0	-30.7755	2.16158	
-0.376541	1.80005	-1.79994	0.0514407	0	0	17.1469	0	0	-31.0749	2.17964	
-0.376049	1.80005	-1.79994	0.0553519	0	0	13.838	0	0	-30.9828	2.17176	
-0.375753	1.80005	-1.79994	0.0576987	0	0	11.5397	0	0	-30.9276	2.167	
-0.375515	1.80005	-1.79994	0.0557099	-0.00294813	0	9.28498	-0.491355	0	-30.8879	2.16614	
-0.375345	1.79998	-1.79994	0.0542893	-0.0673341	0	7.75562	-9.61916	0	-30.8828	2.18048	
-0.375248	1.79985	-1.79995	0.0532159	-0.149696	-0.00389888	6.65198	-18.7119	-0.487361	-30.8995	2.20102	
-0.375146	1.79967	-1.79995	0.0523881	-0.205213	-0.00578619	5.8209	-22.8014	-0.64291	-30.9058	2.21494	
-0.375063	1.79947	-1.79996	0.0517259	-0.230069	-0.00731094	5.17259	-23.0069	-0.731094	-30.9051	2.22211	
-0.374995	1.79922	-1.79996	0.050985	-0.250174	-0.00725928	-0.219009	-25.0174	-0.725928	-30.9059	2.22832	
-0.375515	1.79896	-1.79997	0.0510878	-0.253281	-0.00724117	0.16173	-25.3281	-0.724117	-31.0056	2.23709	
-0.374981	1.7987	-1.79998	0.0507546	-0.256951	-0.00724436	-0.0686109	-25.6951	-0.724436	-30.9172	2.23415	
-0.374981	1.79842	-1.79998	0.0492509	-0.282408	-0.00724436	-0.610106	-28.2408	-0.724436	-30.9333	2.24306	
-0.375515	1.79808	-1.79999	0.0561779	-0.337542	-0.00724436	-0.152076	-33.7542	-0.724436	-31.0493	2.26049	
-0.376073	1.79766	-1.8	0.0652369	-0.421176	-0.0101739	0.952706	-41.8228	-1.01739	-31.181	2.28468	
-0.376631	1.79717	-1.80001	0.074296	-0.488349	-0.0144056	2.00067	-42.1014	-1.44056	-31.3095	2.30587	
-0.376559	1.79663	-1.80003	0.0850581	-0.534752	-0.0136951	3.18422	-38.5056	-0.979621	-31.3143	2.31355	
-0.376583	1.79605	-1.80004	0.0964486	-0.578572	-0.0122522	4.40605	-37.3359	-0.646601	-31.3355	2.32138	
-0.376535	1.79542	-1.80005	0.107204	-0.626547	-0.0106394	5.54784	-39.6478	-0.332843	-31.3466	2.33005	
-0.37637	1.79473	-1.80006	0.11796	-0.683044	-0.0106479	6.69751	-43.287	-0.338862	-31.3412	2.34016	
-0.375836	1.79398	-1.80007	0.134851	-0.75148	-0.010666	8.37628	-49.8199	-0.342484	-31.2682	2.34566	
-0.375836	1.79315	-1.80007	0.151216	-0.828256	-0.00904413	10.0461	-57.1304	-0.179977	-31.2965	2.35945	
-0.37637	1.79224	-1.80008	0.165864	-0.904314	-0.00825584	11.6613	-62.1907	-0.101147	-31.4256	2.38091	
-0.375836	1.79126	-1.80009	0.173798	-0.975703	-0.00825424	11.7621	-63.8161	-0.100988	-31.3665	2.39403	
-0.375836	1.79021	-1.80009	0.180016	-1.04103	-0.00533433	11.4779	-61.9849	0.483952	-31.4046	2.4125	
-0.375112	1.78911	-1.8001	0.192918	-1.09172	-0.00349248	11.8622	-60.3369	1.09131	-31.3009	2.41642	
-0.375185	1.78796	-1.8001	0.199156	-1.1381	-0.00202508	11.4098	-60.3347	1.167	-31.3483	2.43256	
-0.375719	1.78676	-1.8001	0.203042	-1.1866	-0.0012698	10.6593	-60.8032	1.09824	-31.4842	2.45617	
-0.375601	1.78551	-1.8001	0.21684	-1.23909	-0.000783505	10.9636	-61.2538	0.985587	-31.494	2.46802	
-0.375792	1.7842	-1.8001	0.230425	-1.30025	-0.000398943	11.2465	-61.7203	1.0249	-31.5649	2.48573	
-0.375254	1.78282	-1.8001	0.237986	-1.36788	0.0024922	10.3135	-61.6405	1.31582	-31.5107	2.50038	
-0.375254	1.78137	-1.8001	0.245333	-1.4401	0.00339341	9.41173	-61.1843	1.24375	-31.559	2.523	
-0.374184	1.77984	-1.8001	0.25461	-1.51347	0.00394256	8.87458	-60.9157	1.21984	-31.4117	2.53369	
-0.374184	1.77824	-1.80009	0.261957	-1.58677	0.00492048	8.81587	-61.1065	1.31747	-31.4631	2.55751	
-0.374184	1.77657	-1.80009	0.278492	-1.65498	0.00484751	9.84753	-61.3957	1.01818	-31.5055	2.57558	
-0.374374	1.77484	-1.80008	0.291518	-1.71775	0.00723744	9.86002	-62.6031	1.07299	-31.5845	2.59631	
-0.374374	1.77305	-1.80008	0.309513	-1.77552	0.00778552	11.0357	-63.7417	0.98106	-31.6241	2.61183	
-0.374374	1.7712	-1.80007	0.328371	-1.83189	0.00771255	12.5329	-64.5281	0.898235	-31.6634	2.62693	
-0.374027	1.76929	-1.80006	0.338167	-1.89303	0.00771681	12.1327	-65.3949	0.850031	-31.6508	2.64514	
-0.374027	1.76731	-1.80006	0.353004	-1.95863	0.0072891	12.2578	-65.8384	0.768805	-31.7	2.66561	
-0.373729	1.76526	-1.80005	0.362584	-2.02988	0.00439796	12.4599	-66.1993	0.190577	-31.7037	2.68821	
-0.373729	1.76314	-1.80005	0.377421	-2.10488	0.00187807	13.2088	-66.4778	-0.151535	-31.7594	2.71198	
-0.373729	1.76093	-1.80005	0.398417	-2.18161	0.000540624	14.3807	-66.8136	-0.340194	-31.8104	2.73269	
-0.373729	1.75865	-1.80005	0.413254	-2.25839	-0.000438891	15.1296	-67.1619	-0.535937	-31.8691	2.75735	
-0.37236	1.75629	-1.80005	0.428481	-2.33362	-0.000356332	14.999	-67.8641	-0.520384	-31.6753	2.76794	
-0.37236	1.75386	-1.80005	0.432671	-2.40584	-0.000356332	14.1153	-68.8085	-0.759377	-31.7457	2.79874	
-0.37236	1.75136	-1.80005	0.436861	-2.47166	3.67518e-05	12.7348	-69.6146	-0.774877	-31.8153	2.82843	
-0.371827	1.7488	-1.80005	0.441903	-2.53588	0	11.3533	-70.3996	-0.771255	-31.7864	2.8524	
-0.372364	1.74617	-1.80005	0.44673	-2.60249	0.000428238	10.8564	-70.9452	-0.728857	-31.9569	2.88761	
-0.371528	1.74347	-1.80005	0.459103	-2.67968	0.00132839	10.6099	-72.1045	-0.596071	-31.8702	2.90757	
-0.37115	1.74067	-1.80005	0.470518	-2.77077	0.00129963	10.7933	-74.0892	-0.309833	-31.8756	2.93614	
-0.370315	1.73777	-1.80005	0.48289	-2.8663	0.0012927	10.5469	-76.1427	-0.0585365	-31.799	2.9613	
-0.369638	1.73479	-1.80005	0.48289	-2.95821	0.00129377	8.44735	-77.6606	0.0753145	-31.7651	2.99508	
-0.369638	1.73172	-1.80005	0.503258	-3.03874	-0.000270046	9.00042	-78.0352	0.0168845	-31.8314	3.02116	
-0.369638	1.72857	-1.80005	0.520551	-3.1085	-0.00197554	9.20701	-77.4874	-0.161921	-31.8988	3.04706	
-0.367955	1.72537	-1.80005	0.526923	-3.17361	-0.00192068	9.42526	-76.7778	-0.156435	-31.6689	3.06344	
-0.367955	1.72208	-1.80006	0.547291	-3.24701	-0.0019079	11.043	-77.5347	-0.194465	-31.7349	3.08852	
-0.367955	1.71872	-1.80006	0.567658	-3.32889	3.88823e-05	12.5755	-79.3013	0.00388823	-31.8035	3.11483	
-0.367955	1.71526	-1.80005	0.588026	-3.41618	0.00287729	14.1296	-81.3695	0.244905	-31.8744	3.14209	
-0.367955	1.71172	-1.80005	0.610543	-3.50432	0.00431913	15.144	-82.4643	0.299074	-31.9445	3.16851	
-0.367486	1.7081	-1.80005	0.637361	-3.58478	0.00501475	16.6843	-81.401	0.371513	-31.9225	3.18725	
-0.367486	1.70439	-1.80004	0.659879	-3.66129	0.00500304	17.6988	-79.4987	0.371033	-31.9906	3.21145	
-0.367864	1.70062	-1.80004	0.694676	-3.73051	0.00499664	21.1785	-77.2295	0.370288	-32.1112	3.22878	
-0.365618	1.69678	-1.80003	0.694676	-3.79565	0.00656099	19.1418	-75.6916	0.683104	-31.7945	3.24889	
-0.36477	1.69287	-1.80002	0.70909	-3.86123	0.00826649	18.8539	-75.2729	1.0242	-31.7162	3.26975	
-0.364207	1.68889	-1.80002	0.723086	-3.92995	0.0070345	19.6162	-75.6336	0.895518	-31.6921	3.29419	
-0.361961	1.68484	-1.80001	0.74946	-3.99881	0.00699296	20.2169	-75.18	0.890086	-31.3555	3.29947	
-0.360278	1.68072	-1.80001	0.777006	-4.07105	0.00506482	20.9348	-74.2154	0.502594	-31.1227	3.30895	
-0.357596	1.67652	-1.80001	0.80338	-4.15703	0.00256783	21.5355	-74.0845	-0.0309461	-30.7267	3.3148	
-0.356748	1.67222	-1.80001	0.816404	-4.24965	0.000249806	20.5861	-74.5335	-0.406933	-30.6665	3.34401	
-0.357596	1.66782	-1.80001	0.824384	-4.34628	-0.000429836	18.7023	-76.1495	-0.544459	-30.903	3.38853	
-0.357596	1.66333	-1.80001	0.830663	-4.44072	-0.000410129	17.0784	-77.9428	-0.541316	-30.9957	3.42684	
-0.357596	1.65875	-1.80001	0.830663	-4.53422	-0.000404802	13.5987	-80.3717	-0.540145	-31.0953	3.46819	
-0.358159	1.65407	-1.80001	0.86663	-4.62248	-0.000405335	17.1954	-82.6828	-0.696633	-31.2479	3.48743	
-0.357161	1.64931	-1.80001	0.891933	-4.70992	-0.000912403	18.2842	-84.8693	-0.917889	-31.1443	3.50551	
-0.356725	1.64445	-1.80001	0.936437	-4.80134	0.000302004	21.3351	-87.1389	-0.67325	-31.1142	3.51365	
-0.35629	1.6395	-1.80001	0.954567	-4.90258	0.000331299	20.5107	-90.3774	-0.666166	-31.1178	3.53993	
-0.355291	1.63443	-1.80001	0.971525	-5.01362	0.000601344	19.4519	-94.2576	-0.446348	-31.0299	3.56659	
-0.35426	1.62925	-1.80001	0.989655	-5.11914	0.000862335	18.6274	-96.2115	-0.17055	-30.9342	3.59108	
-0.35251	1.62397	-1.8	1.01591	-5.21674	0.0020352	19.9508	-96.709	0.178539	-30.7084	3.60686	
-0.349633	1.61861	-1.8	1.03961	-5.29873	0.00201815	21.523	-95.2452	0.244799	-30.3024	3.61886	
-0.348785	1.61318	-1.8	1.08221	-5.37355	0.00200697	25.1542	-93.2832	0.24171	-30.2035	3.62211	
-0.346187	1.60766	-1.8	1.11521	-5.44685	0.00200856	28.4544	-91.2626	0.241337	-29.8383	3.62681	
-0.346187	1.60207	-1.8	1.14263	-5.52552	0.00200856	27.6003	-90.304	0.24139	-29.8921	3.64153	
-0.344556	1.59639	-1.79999	1.14263	-5.61607	0.00251563	25.07	-90.6147	0.342804	-29.7245	3.67221	
-0.343804	1.59061	-1.79999	1.16975	-5.71498	0.00290659	23.331	-91.3641	0.260458	-29.6628	3.68732	
-0.343052	1.58473	-1.79998	1.19686	-5.811	0.00486668	24.2295	-90.8422	0.453538	-29.5986	3.7004	
-0.344051	1.57875	-1.79998	1.21575	-5.9069	0.00706699	24.4226	-89.3273	0.646565	-29.8079	3.7153	
-0.34345	1.57268	-1.79997	1.24488	-5.99956	0.00817594	25.5227	-88.0421	0.73136	-29.7573	3.72195	
-0.342571	1.56651	-1.79996	1.26471	-6.10004	0.0102884	24.8801	-88.3296	0.825317	-29.675	3.7348	
-0.341971	1.56023	-1.79994	1.30411	-6.20784	0.0129238	26.4493	-90.9116	1.09057	-29.6086	3.7328	
-0.339341	1.55384	-1.79993	1.32461	-6.31799	0.0133707	24.2407	-94.4441	1.13638	-29.2696	3.75205	
-0.341092	1.54733	-1.79992	1.3342	-6.42978	0.0142325	21.8996	-98.2926	1.2224	-29.5725	3.75238	
-0.338462	1.54071	-1.7999	1.36292	-6.53933	0.0152509	22.0291	-101.38	1.32424	-29.2225	3.76545	
-0.337448	1.534	-1.79988	1.39004	-6.63272	0.0163689	24.7405	-101.665	1.38533	-29.1002	3.76396	
-0.339199	1.5272	-1.79987	1.41234	-6.71757	0.0190949	24.2593	-100.259	1.61884	-29.3546	3.73279	
-0.338319	1.52032	-1.79985	1.44735	-6.80193	0.019904	25.0488	-99.0922	1.50373	-29.2266	3.71522	
-0.333506	1.51333	-1.79983	1.45557	-6.89851	0.0200207	23.9825	-99.1613	1.29537	-28.6153	3.76377	
-0.333506	1.50624	-1.79981	1.48857	-7.0114	0.020026	24.3687	-101.184	1.18501	-28.6075	3.7392	
-0.336135	1.49903	-1.79979	1.50885	-7.12258	0.0186289	24.414	-102.254	0.834052	-28.932	3.67145	
-0.333951	1.4917	-1.79978	1.49657	-7.24106	0.0178789	19.2466	-103.322	0.49551	-28.6853	3.69862	
-0.333951	1.48425	-1.79976	1.53071	-7.36101	0.0204319	20.6102	-104.302	0.706114	-28.6402	3.64897	
-0.333951	1.47669	-1.79973	1.58729	-7.47975	0.0218561	25.3085	-104.997	0.76236	-28.5535	3.57546	
-0.336581	1.469	-1.79971	1.61514	-7.59395	0.0236868	25.2215	-105.463	0.843587	-28.7649	3.43201	
-0.337595	1.46121	-1.79968	1.66156	-7.70791	0.0256671	27.1522	-107.518	0.92982	-28.7412	3.29782	
-0.334965	1.45329	-1.79966	1.68568	-7.82189	0.0257001	27.334	-110.432	0.66052	-28.3773	3.29892	
-0.332781	1.44526	-1.79963	1.71194	-7.93632	0.0263846	26.4589	-113.439	0.648056	-28.0537	3.27941	
-0.337595	1.43712	-1.7996	1.77108	-8.03915	0.0274328	31.5504	-114.064	0.741214	-28.263	2.93134	
-0.340225	1.42888	-1.79958	1.79521	-8.14778	0.0288267	30.6641	-113.638	0.880072	-28.2352	2.63863	
-0.337595	1.42051	-1.79955	1.84846	-8.27214	0.030415	33.9608	-114.956	1.17861	-27.812	2.60932	
-0.339779	1.41202	-1.79951	1.92401	-8.39586	0.0330851	42.7442	-115.479	1.52062	-27.5901	2.25652	
-0.342409	1.4034	-1.79948	1.93673	-8.51793	0.0354404	40.6019	-115.692	1.50086	-27.3609	1.85229	
-0.339779	1.39465	-1.79945	1.97708	-8.64255	0.0388504	38.9789	-116.28	1.69942	-26.9334	1.81592	
-0.337149	1.38578	-1.79941	2.01742	-8.77013	0.0416978	40.2281	-117.618	1.8011	-26.505	1.7744	
-0.332614	1.37678	-1.79936	2.03227	-8.89227	0.04818	37.0708	-118.437	2.25129	-26.0748	1.88954	
-0.332614	1.36766	-1.79931	2.07454	-9.00954	0.0557157	38.8858	-118.764	3.00156	-25.6823	1.62796	
-0.328576	1.35841	-1.79924	2.10366	-9.13733	0.0644078	39.1724	-120.101	3.80232	-25.249	1.68854	
-0.325947	1.34903	-1.79917	2.13321	-9.26802	0.0765263	36.2135	-122.887	4.90935	-24.828	1.62943	
-0.317095	1.33951	-1.79909	2.16447	-9.40449	0.089913	36.9259	-125.671	6.10863	-24.3006	2.02524	
-0.31256	1.32985	-1.79898	2.19629	-9.54338	0.106826	34.7833	-127.124	7.64107	-23.8403	2.08497	
-0.308025	1.32005	-1.79886	2.22812	-9.68589	0.126126	30.4105	-129.003	9.30411	-23.3793	2.13532	
-0.299173	1.31011	-1.79872	2.29043	-9.82653	0.147621	35.3694	-130.86	11.2181	-22.7363	2.40841	
-0.299173	1.30002	-1.79855	2.32843	-9.96853	0.171513	35.135	-132.597	13.2662	-22.432	2.17605	
-0.292951	1.28979	-1.79836	2.36118	-10.1061	0.19673	34.3765	-133.598	15.5032	-21.9225	2.29681	
-0.297486	1.27942	-1.79815	2.44186	-10.2475	0.219284	40.9597	-135.52	17.1104	-21.6619	1.73694	
-0.297486	1.26889	-1.79791	2.49512	-10.405	0.241464	42.0587	-139.549	18.5748	-21.2511	1.43385	
-0.297486	1.25819	-1.79766	2.52618	-10.5772	0.261972	42.2514	-143.984	19.7564	-20.8196	1.11603	
-0.297486	1.2473	-1.79739	2.57944	-10.7583	0.282103	44.6223	-149.025	20.5577	-20.3226	0.758579	
-0.294098	1.23624	-1.79709	2.65255	-10.9305	0.305749	48.8084	-152.598	21.5836	-19.8375	0.659651	
-0.292411	1.22503	-1.79677	2.66662	-11.0869	0.332053	47.0327	-154.349	22.5227	-19.381	0.438123	
-0.287336	1.21366	-1.79642	2.72275	-11.228	0.36245	49.4633	-154.212	23.6324	-18.9567	0.479095	
-0.283949	1.20216	-1.79603	2.76482	-11.3582	0.39837	47.4389	-153.168	25.0748	-18.5188	0.37679	
-0.274339	1.19054	-1.79561	2.82372	-11.4787	0.434988	49.5294	-151.017	26.3476	-18.1597	0.758312	
-0.274339	1.17877	-1.79515	2.82372	-11.6281	0.475177	46.2537	-152.2	27.8446	-17.7224	0.398402	
-0.274339	1.16682	-1.79465	2.86932	-11.8075	0.522736	42.7457	-155.998	30.3453	-17.1981	-0.0152343	
-0.268117	1.15469	-1.79409	2.84882	-11.9954	0.578835	35.3696	-159.036	33.7371	-16.8575	0.113316	
-0.268117	1.14237	-1.79346	2.93783	-12.1704	0.642878	41.1649	-159.328	38.0906	-16.2847	-0.343813	
-0.268117	1.12989	-1.79278	3.00004	-12.3267	0.7074	42.0607	-156.847	42.5297	-15.707	-0.809615	
-0.265684	1.11728	-1.79203	3.02213	-12.4629	0.773007	36.9574	-153.242	46.7258	-15.2466	-1.04714	
-0.271906	1.10453	-1.79122	3.12758	-12.5886	0.838997	46.0959	-150.172	50.6944	-14.2614	-2.17242	
-0.269474	1.09163	-1.79035	3.14966	-12.7476	0.904766	42.691	-151.957	54.2316	-13.7664	-2.43518	
-0.272861	1.07854	-1.78941	3.21949	-12.9356	0.96887	45.4675	-157.736	57.0501	-12.7947	-3.33239	
-0.276249	1.06525	-1.78841	3.26724	-13.1441	1.04065	44.3514	-166.538	60.566	-11.7432	-4.24306	
-0.276249	1.05175	-1.78733	3.37913	-13.3368	1.1131	55.5405	-170.871	63.7923	-10.9407	-4.79692	
-0.276249	1.03809	-1.78619	3.4439	-13.4927	1.18057	57.4576	-168.526	65.7836	-10.1883	-5.32357	
-0.267672	1.02428	-1.78499	3.55579	-13.6383	1.24507	70.6968	-164.295	66.6239	-10.2407	-4.98094	
-0.261851	1.01032	-1.78373	3.53093	-13.7947	1.30818	59.3105	-162.423	66.5307	-10.0804	-4.9162	
-0.261851	0.996155	-1.7824	3.60329	-13.9913	1.37583	60.3251	-166.457	66.8427	-9.352	-5.45189	
-0.259095	0.981775	-1.78101	3.69817	-14.2073	1.44114	67.6046	-174.441	66.8137	-8.8445	-5.72747	
-0.247052	0.967158	-1.77955	3.74457	-14.4413	1.51128	61.6991	-185.272	67.2287	-9.09723	-5.15988	
-0.259095	0.952342	-1.77801	3.83551	-14.6355	1.58755	68.5844	-188.792	68.2783	-7.42003	-6.73654	
-0.250518	0.937343	-1.7764	3.90563	-14.815	1.66971	68.6141	-187.938	70.0839	-7.47143	-6.50401	
-0.238846	0.922151	-1.7747	3.94882	-15.0047	1.75423	68.1589	-186.06	71.3577	-7.7247	-6.03822	
-0.230269	0.90675	-1.77292	4.01895	-15.2138	1.84607	63.9823	-187.702	73.2973	-7.68557	-5.85948	
-0.21547	0.891109	-1.77103	4.07009	-15.4523	1.94897	62.6194	-195.959	76.8395	-7.99257	-5.20483	
-0.21547	0.875236	-1.76904	4.14022	-15.6829	2.05866	58.4428	-204.455	81.3584	-7.38759	-5.76571	
-0.212714	0.859145	-1.76694	4.25809	-15.8938	2.17664	72.7156	-209.908	86.8456	-6.95433	-6.10033	
-0.19482	0.842842	-1.76472	4.31296	-16.1037	2.30019	70.9662	-211.242	92.4361	-7.38907	-5.2973	
-0.197577	0.826318	-1.76236	4.35743	-16.3231	2.43666	65.926	-211.585	99.5516	-6.71465	-6.05933	
-0.19482	0.809573	-1.75987	4.4435	-16.5409	2.58313	69.8932	-209.957	107.185	-6.32958	-6.40527	
-0.173463	0.792606	-1.75722	4.49837	-16.7611	2.73854	66.2866	-212.561	115.099	-6.87677	-5.45734	
-0.176219	0.775423	-1.75441	4.51986	-16.9714	2.90963	61.4225	-215.642	123.992	-6.29118	-6.21061	
-0.179314	0.758025	-1.75144	4.6027	-17.1843	3.07395	65.3873	-217.962	131.973	-5.6718	-6.94552	
-0.179314	0.740419	-1.74832	4.6808	-17.3895	3.23533	66.1852	-217.569	138.926	-5.22441	-7.43337	
-0.18207	0.72261	-1.74504	4.76136	-17.5891	3.3967	69.1268	-213.675	144.773	-4.66448	-8.0138	
-0.175512	0.704622	-1.7416	4.7893	-17.7657	3.56221	64.9079	-208.277	150.355	-4.60882	-8.09884	
-0.175512	0.686461	-1.73799	4.8674	-17.9375	3.73135	60.9313	-204.377	155.471	-4.24798	-8.46865	
-0.168185	0.668134	-1.73422	4.8674	-18.1016	3.90186	55.4444	-199.789	160.167	-4.26693	-8.52402	
-0.168185	0.649649	-1.73029	4.95669	-18.2554	4.07306	59.9261	-193.23	163.64	-3.95899	-8.84006	
-0.157763	0.631021	-1.72619	4.92872	-18.3951	4.24245	48.522	-185.425	165.932	-4.15222	-8.79786	
-0.164322	0.612257	-1.72192	5.00588	-18.5298	4.41399	50.7505	-176.866	167.545	-3.62033	-9.24097	
-0.151143	0.593335	-1.7175	5.11407	-18.6878	4.57676	59.4209	-171.646	166.714	-3.922	-9.1624	
-0.140722	0.574265	-1.71291	5.18783	-18.8345	4.74686	58.5137	-165.021	167.291	-4.11943	-9.15844	
-0.140722	0.555062	-1.70816	5.21482	-18.9625	4.92358	53.4019	-157.293	168.824	-3.9287	-9.39634	
-0.137965	0.535757	-1.70323	5.28121	-19.0625	5.10138	51.9846	-147.342	170.468	-3.87298	-9.53773	
-0.134102	0.516325	-1.69813	5.39686	-19.188	5.27522	60.7568	-142.231	171.301	-3.85904	-9.6485	
-0.134102	0.496741	-1.69287	5.4657	-19.3395	5.44619	59.8303	-140.194	171.484	-3.71241	-9.78151	
-0.14728	0.477015	-1.68744	5.54854	-19.4759	5.62431	68.1144	-137.427	172.245	-3.12355	-9.82404	
-0.134102	0.45718	-1.68182	5.58136	-19.5814	5.81371	62.4668	-132.592	174.065	-3.50186	-9.90648	
-0.14728	0.437246	-1.676	5.71585	-19.6771	6.02445	78.7126	-128.193	178.2	-2.97959	-9.74654	
-0.129692	0.417181	-1.66999	5.76785	-19.8065	6.22792	76.1971	-127.677	181.393	-3.50374	-9.92182	
-0.14287	0.396998	-1.66378	5.8006	-19.9225	6.43041	68.6533	-123.471	185.365	-3.02091	-9.66005	
-0.14287	0.376731	-1.65736	5.8481	-19.9997	6.64258	66.0262	-116.52	189.572	-3.00362	-9.54768	
-0.125282	0.356406	-1.65073	5.92145	-20.0531	6.86371	70.6628	-109.06	194.014	-3.56141	-9.78198	
-0.128039	0.335994	-1.64388	5.93693	-20.1432	7.08703	65.5725	-108.069	198.564	-3.46313	-9.6189	
-0.120873	0.315462	-1.63682	5.97178	-20.263	7.31581	57.4915	-107.501	204.059	-3.67817	-9.65787	
-0.110451	0.294823	-1.62953	6.01925	-20.368	7.54197	55.3546	-102.85	209.578	-4.01165	-9.77002	
-0.0901063	0.27411	-1.62203	6.08691	-20.4416	7.76286	53.837	-96.5688	213.855	-4.69903	-10.1007	
-0.08294	0.253292	-1.61434	6.12176	-20.5462	7.97019	54.0401	-96.4885	215.648	-4.9497	-10.1535	
-0.0579653	0.232332	-1.60645	6.15496	-20.6909	8.16632	43.9114	-101.388	214.187	-5.83602	-10.5929	
-0.0579653	0.211252	-1.59835	6.17632	-20.811	8.38989	40.8469	-100.45	216.197	-5.85026	-10.5204	
-0.0376207	0.190084	-1.59003	6.21169	-20.8958	8.61224	41.1088	-97.3284	218.182	-4.92046	-9.09702	
-0.0304545	0.168811	-1.58149	6.23231	-21.0038	8.8343	38.4214	-100.415	219.172	-5.56982	-9.56028	
-0.0258243	0.147389	-1.57275	6.25495	-21.1571	9.04937	33.3499	-110.404	218.566	-7.14194	-10.9946	
0.00395568	0.125839	-1.56381	6.29032	-21.2776	9.26388	35.3388	-113.442	217.685	-2.29624	-5.68941	
0.0133911	0.104229	-1.55466	6.30967	-21.3323	9.47494	33.7891	-106.936	215.913	-1.6187	-4.84611	
0.0299928	0.0825702	-1.5453	6.31305	-21.3825	9.68931	29.38	-101.448	214.734	0.0265619	-3.07878	
0.034623	0.0608275	-1.53574	6.34273	-21.4661	9.89883	25.5815	-102.454	213.597	-0.334873	-3.28405	
0.0274567	0.0390321	-1.52596	6.3587	-21.5166	10.1282	23.6938	-97.0343	215.806	-3.76706	-6.39775	
0.0156603	0.0172543	-1.51594	6.35749	-21.4954	10.3755	20.2526	-80.4428	220.917	-7.84263	-10.1559	
0.0250957	-0.00450649	-1.50571	6.37684	-21.4771	10.5913	20.0523	-66.6044	220.145	-5.81059	-7.98734	
0.0345311	-0.0263046	-1.49527	6.37684	-21.5166	10.8051	16.5154	-62.0746	219.29	-5.87363	-7.8058	
0.0439666	-0.048133	-1.48464	6.37684	-21.5464	11.0074	14.453	-54.2528	217.313	-5.75094	-7.46004	
0.0321701	-0.0699481	-1.47383	6.38851	-21.5281	11.2003	13.356	-37.104	215.089	-8.98198	-10.2279	
0.0155684	-0.0917595	-1.46282	6.40346	-21.5278	11.3926	11.3145	-25.0173	212.875	-9.29081	-10.3422	
0.0204418	-0.113615	-1.45163	6.4201	-21.5775	11.5877	11.043	-24.5178	211.279	-9.53326	-10.2892	
0.0253153	-0.135502	-1.44022	6.43738	-21.6031	11.8215	12.4332	-22.0616	213.221	-9.77347	-10.2333	
0.0135188	-0.15736	-1.42854	6.44645	-21.5709	12.0856	10.3717	-10.4743	218.674	-9.27804	-9.57913	
0.0301205	-0.179192	-1.41663	6.46861	-21.5468	12.3378	10.9906	-3.02568	220.957	-10.014	-9.92711	
0.0467222	-0.20105	-1.4045	6.49077	-21.5735	12.5572	13.3278	-7.81215	218.169	-7.93676	-7.95264	
0.0515956	-0.222919	-1.39217	6.51328	-21.5814	12.7697	13.6441	-10.4343	217.84	-6.67986	-6.7194	
0.0613779	-0.244748	-1.37965	6.53206	-21.5347	12.9749	15.5221	-1.81596	216.98	-3.42541	-3.93461	
0.0662513	-0.266539	-1.36691	6.55458	-21.4994	13.1922	17.7735	4.70029	218.479	-1.16648	-2.02285	
0.0877264	-0.288338	-1.3539	6.56213	-21.5113	13.4691	17.3627	1.67961	226.885	3.54517	1.72191	
0.11411	-0.310141	-1.34061	6.5687	-21.5112	13.7586	16.5237	1.65484	236.593	6.5279	4.03691	
0.122314	-0.331893	-1.32705	6.57146	-21.4589	14.046	15.1359	11.8583	245.827	6.49259	4.01995	
0.130517	-0.353611	-1.31326	6.57357	-21.4287	14.2799	13.6189	17.4407	245.842	6.45734	4.00507	
0.160196	-0.375366	-1.29929	6.57493	-21.4713	14.4713	12.8483	9.9527	238.57	6.11996	3.77859	
0.165069	-0.397164	-1.28513	6.57866	-21.5162	14.6587	11.0057	3.0675	232.093	6.10843	3.79093	
0.178146	-0.418973	-1.27074	6.58064	-21.5246	14.8964	8.98694	4.89193	233.919	6.01337	3.73651	
0.183055	-0.440818	-1.25609	6.57964	-21.5614	15.1644	6.63609	2.00707	239.461	6.01616	3.75235	
0.18635	-0.462744	-1.24119	6.58161	-21.6486	15.4367	4.95537	-11.3846	246.172	6.00985	3.76602	
0.199474	-0.484746	-1.22604	6.58161	-21.7191	15.6833	2.70396	-21.9704	249.105	5.89108	3.70386	
0.204383	-0.506766	-1.21072	6.58062	-21.7332	15.8635	1.84855	-22.1839	239.434	5.92329	3.7369	
0.212599	-0.528816	-1.1952	6.58161	-21.7668	16.0595	1.29146	-25.5617	230.099	5.90372	3.73661	
0.209304	-0.550953	-1.17948	6.58374	-21.8536	16.2829	1.22822	-39.4668	223.686	5.98837	3.80552	
0.209304	-0.573167	-1.16352	6.5791	-21.9273	16.5207	0.552831	-49.8633	224.076	6.04315	3.84977	
0.214225	-0.595409	-1.14734	6.56683	-21.9505	16.7556	-0.809507	-47.914	228.436	6.08195	3.87651	
0.219134	-0.617703	-1.13095	6.56584	-22.0016	16.972	-1.28233	-48.5436	231.324	6.1004	3.89492	
0.228914	-0.640082	-1.11438	6.55358	-22.0912	17.1615	-2.70607	-56.6622	226.513	6.04942	3.88102	
0.228914	-0.662516	-1.09759	6.55358	-22.1428	17.3837	-2.60663	-58.1432	221.93	6.12348	3.92706	
0.238694	-0.684948	-1.08057	6.54131	-22.1348	17.6229	-4.03036	-48.6182	218.628	6.15383	3.94217	
0.230478	-0.707392	-1.06332	6.54032	-22.1518	17.867	-4.1298	-43.2736	218.369	6.32393	4.02396	
0.233773	-0.729899	-1.04583	6.51964	-22.2156	18.1123	-6.09816	-48.2413	224.887	6.36645	4.04931	
0.225557	-0.752449	-1.0281	6.49709	-22.2535	18.3661	-8.45206	-48.6644	230.658	6.51193	4.1099	
0.238631	-0.774996	-1.01009	6.47566	-22.2487	18.6433	-10.8084	-39.5069	236.046	6.53465	4.12219	
0.238631	-0.797572	-0.991815	6.46175	-22.2795	18.9255	-11.7353	-35.2168	240.478	6.61943	4.15618	
0.23371	-0.820204	-0.973271	6.4541	-22.3369	19.2046	-11.2736	-38.6476	244.897	6.7081	4.18816	
0.246785	-0.842848	-0.954448	6.42728	-22.3433	19.4885	-13.8557	-34.1677	251.654	6.74326	4.20684	
0.237005	-0.865471	-0.93532	6.41964	-22.3182	19.8094	-13.394	-22.6995	264.791	6.89885	4.24793	
0.258005	-0.888112	-0.915913	6.38708	-22.3408	20.0959	-16.6498	-19.802	271.221	6.90877	4.26752	
0.248225	-0.910797	-0.896254	6.37943	-22.3883	20.3565	-16.1881	-25.3533	273.355	7.00852	4.29455	
0.269225	-0.933471	-0.876343	6.34687	-22.3709	20.6123	-19.3445	-21.9062	274.537	7.06979	4.32731	
0.269225	-0.956091	-0.856119	6.34687	-22.3198	20.9374	-17.2767	-10.4206	282.503	7.19773	4.35975	
0.290224	-0.978692	-0.835598	6.33586	-22.3024	21.2452	-16.123	-4.89438	287.906	7.27976	4.39464	
0.29815	-1.00129	-0.814853	6.3076	-22.2983	21.48	-16.8052	-4.96133	283.672	7.4	4.4329	
0.29815	-1.02381	-0.793898	6.3076	-22.2231	21.6918	-15.4142	5.63639	276.63	7.55809	4.47008	
0.30793	-1.04625	-0.772659	6.29475	-22.1339	21.9802	-15.9346	20.3062	277.566	7.73864	4.51771	
0.320423	-1.06865	-0.751129	6.25506	-22.104	22.2883	-17.2224	23.9248	279.982	7.91558	4.57231	
0.330203	-1.09103	-0.729396	6.24221	-22.097	22.5021	-17.7428	22.1158	269.268	8.0732	4.61267	
0.322278	-1.11338	-0.707499	6.24124	-22.0554	22.669	-14.5842	28.5422	257.315	8.18337	4.61832	
0.344552	-1.13572	-0.685369	6.1954	-22.0471	22.9062	-18.4026	34.1217	254.976	8.45952	4.6966	
0.344552	-1.15815	-0.662999	6.15881	-22.1353	23.163	-18.8059	23.5624	255.062	8.54161	4.71246	
0.366826	-1.18068	-0.640494	6.07965	-22.2457	23.3054	-26.7225	7.41438	236.809	8.84379	4.81436	
0.366826	-1.20325	-0.617897	6.00469	-22.2808	23.3934	-33.1173	2.16186	214.821	9.0491	4.85725	
0.371394	-1.22585	-0.595167	5.95455	-22.3074	23.5327	-35.3057	-0.916078	205.267	9.29101	4.90246	
0.393668	-1.24851	-0.572316	5.87538	-22.3631	23.6608	-43.2224	-14.0002	196.903	9.7944	5.05507	
0.393668	-1.2712	-0.549415	5.77401	-22.3906	23.7148	-52.0746	-25.676	173.451	10.0861	5.11279	
0.393668	-1.29386	-0.526425	5.74067	-22.3561	23.8027	-51.4387	-25.2064	151.436	10.375	5.13059	
0.410343	-1.31651	-0.503277	5.66669	-22.3412	23.9657	-57.552	-24.4171	146.362	11.017	5.29127	
0.427018	-1.33915	-0.480008	5.51504	-22.3414	24.1008	-72.6192	-28.602	143.182	11.8169	5.53314	
0.414525	-1.36174	-0.456724	5.38836	-22.2806	24.1156	-80.7044	-23.3521	120.939	11.9817	5.47232	
0.423274	-1.38418	-0.433401	5.27234	-22.1241	24.1507	-88.6477	1.11592	98.7783	12.7704	5.6265	
0.431004	-1.40646	-0.410019	5.27234	-21.9623	24.2169	-80.7311	28.331	91.1453	13.4882	5.70603	
0.423078	-1.42863	-0.386628	5.13779	-21.8565	24.2354	-86.6901	42.4265	84.1996	13.7698	5.652	
0.42726	-1.45069	-0.363275	4.98376	-21.752	24.1888	-97.0791	55.5463	65.6101	14.4831	5.76602	
0.431441	-1.47263	-0.339852	4.82972	-21.63	24.2573	-104.566	73.315	59.6464	15.2398	5.8733	
0.448116	-1.49449	-0.316339	4.71074	-21.5556	24.3591	-106.326	83.5071	64.4354	16.5485	6.18415	
0.455845	-1.5163	-0.292831	4.47876	-21.5123	24.3588	-126.191	84.3843	55.6095	17.5997	6.43253	
0.455845	-1.538	-0.269367	4.2796	-21.4052	24.303	-138.709	93.6027	33.7262	18.3025	6.50288	
0.455845	-1.55954	-0.245854	4.15809	-21.2419	24.3504	-135.696	109.951	24.9604	19.0073	6.51205	
0.47252	-1.58094	-0.222271	4.0446	-21.1041	24.4317	-134.376	117.654	31.6098	20.7733	6.92459	
0.47252	-1.60224	-0.1987	3.92309	-21.0085	24.42	-134.925	111.559	26.9216	21.4957	6.93533	
0.47252	-1.62343	-0.175085	3.63162	-20.8915	24.4557	-164.072	107.08	23.88	22.3482	7.03036	
0.489196	-1.64446	-0.151346	3.567	-20.7471	24.5827	-157.079	110.948	34.726	24.4517	7.49832	
0.492743	-1.66536	-0.127528	3.42957	-20.6139	24.6735	-155.419	113.806	48.4678	25.6283	7.6201	
0.492743	-1.68617	-0.103759	3.37676	-20.5262	24.6236	-145.295	110.377	36.635	26.3937	7.58078	
0.496291	-1.70686	-0.0799843	3.13325	-20.4117	24.6175	-157.75	114.39	25.8383	27.6465	7.76829	
0.492743	-1.72739	-0.0561724	3.15839	-20.2469	24.6543	-132.038	126.532	29.5459	28.0635	7.53411	
0.492743	-1.74777	-0.0323935	2.8706	-20.0985	24.6296	-140.9	130.671	32.6655	28.98	7.60152	
0.492743	-1.76805	-0.00869974	2.58281	-20.0042	24.5325	-157.528	123.772	18.2068	27.4298	6.89785	
0.500374	-1.78824	0.0149892	2.40597	-19.9131	24.5203	-163.863	119.091	8.8535	24.548	5.75433	
0.503922	-1.80831	0.038693	2.13288	-19.802	24.5405	-179.02	120.653	12.0554	12.0589	1.64	
0.503922	-1.82826	0.0623223	1.82873	-19.6751	24.4681	-180.289	121.642	1.23838	-4.23204	-3.51182	
0.503922	-1.84809	0.0858887	1.54094	-19.5669	24.3955	-202.605	118.016	-18.7144	-7.43948	-4.53436	
0.508174	-1.86783	0.109487	1.44873	-19.466	24.4269	-198.084	114.796	-24.6545	-6.53458	-4.37386	
0.515974	-1.88743	0.133114	1.27189	-19.3342	24.4621	-210.488	119.201	-16.1551	-5.53785	-4.1658	
0.520227	-1.90687	0.156649	1.28576	-19.1768	24.3714	-184.748	123.483	-24.6114	755.917	-100	
0.520227	-1.92617	0.180122	0.81427	-19.0346	24.3058	-234.412	121.238	-34.8415	1884.37	-100	
