count	q1	q2	q3	qd1	qd2	qd3	x	y	theta	qdd1	qdd2	qdd3	trq2	trq3	trq2_act	trq3_act	
1	-0.315614	1.8	-1.79998	-0.0321689	0	0	-0.0362968	0.516329	1.2552	-32.1689	0	0	-1.8611	0.616196	-3.77784	0.887792	
2	-0.316236	1.8	-1.79998	-0.0289612	0	0	-0.0359758	0.516352	1.25458	-14.4806	0	0	-1.88278	0.615278	-3.70228	0.94446	
3	-0.316443	1.8	-1.79998	-0.027892	0	0	-0.0358687	0.516359	1.25437	-9.29732	0	0	-1.89003	0.614969	-3.74006	0.831125	
4	-0.316236	1.8	-1.79998	-0.0265656	0	0	-0.0359758	0.516352	1.25458	-6.6414	0	0	-1.68646	0.627104	-3.79673	0.925571	
5	-0.316111	1.8	-1.79998	-0.0270327	0	0	-0.03604	0.516347	1.2547	-5.40655	0	0	-1.6679	0.628137	-2.98449	0.642233	
6	-0.316236	1.8	-1.79998	-0.0273553	0	0	-0.0359758	0.516352	1.25458	-4.55921	0	0	-1.75117	0.623206	-1.64336	0.491119	
7	-0.316295	1.80002	-1.79998	-0.0265166	0.0194746	0	-0.0359494	0.516351	1.25454	-3.78809	2.78209	0	-1.42991	0.641729	-2.11559	0.642233	
8	-0.316366	1.80007	-1.79999	-0.0268231	0.0482021	-0.00150469	-0.0359223	0.516347	1.25451	-3.35288	6.02526	-0.188087	-1.11766	0.649976	-1.96448	0.604454	
9	-0.316398	1.80013	-1.79999	-0.0262299	0.0690543	-0.00497777	-0.0359176	0.51634	1.25454	-2.91444	7.6727	-0.553085	-1.11349	0.64881	-1.83225	0.661122	
10	-0.316319	1.80019	-1.8	-0.0264971	0.079198	-0.00712718	-0.0359704	0.516328	1.25467	-2.64971	7.9198	-0.712718	-1.11003	0.648174	-1.68114	0.642233	
11	-0.316463	1.80028	-1.80001	-0.0265011	0.0890331	-0.00940633	-0.0359122	0.51632	1.25461	0.566781	8.90331	-0.940633	-1.11023	0.647674	-1.53003	0.661122	
12	-0.316442	1.80037	-1.80002	-0.0279952	0.0927572	-0.0124088	-0.0359389	0.516306	1.2547	0.0965971	9.27572	-1.24088	-1.1095	0.647414	-1.71892	0.6989	
13	-0.316422	1.80046	-1.80004	-0.0294893	0.0925873	-0.0148871	-0.0359652	0.516292	1.2548	-0.159738	9.25873	-1.48871	-1.10963	0.647332	-1.71892	0.566676	
14	-0.316422	1.80055	-1.80005	-0.0301208	0.0925666	-0.0171716	-0.0359805	0.516279	1.25487	-0.355518	9.25666	-1.71716	-1.10987	0.647126	-1.66225	0.604454	
15	-0.316566	1.80065	-1.80007	-0.0316234	0.0994098	-0.0176606	-0.0359229	0.51627	1.25481	-0.459065	9.94098	-1.76606	-1.11086	0.647185	-1.73781	0.6989	
16	-0.316614	1.80076	-1.80009	-0.0316167	0.114807	-0.0193719	-0.0359174	0.516255	1.25485	-0.426143	11.4807	-1.93719	-1.10813	0.646457	-1.71892	0.642233	
17	-0.316684	1.80088	-1.80011	-0.0323584	0.12642	-0.0192617	-0.0359034	0.516239	1.25488	-0.584171	10.6945	-1.92617	-1.10656	0.646188	-1.53003	0.604454	
18	-0.316733	1.80102	-1.80013	-0.0323517	0.136102	-0.0188281	-0.0359025	0.516221	1.25495	-0.552861	8.78999	-1.73234	-1.10491	0.645842	-1.54891	0.642233	
19	-0.316733	1.80117	-1.80015	-0.036296	0.153187	-0.0168568	-0.0359303	0.5162	1.25508	-1.00661	8.41325	-1.18791	-1.10131	0.646103	-1.45447	0.604454	
20	-0.316906	1.80135	-1.80016	-0.036296	0.18099	-0.0141111	-0.0358751	0.51618	1.25507	-0.979899	10.1792	-0.69839	-1.09723	0.645509	-1.26558	0.623344	
21	-0.316967	1.80156	-1.80017	-0.0398095	0.215517	-0.0118303	-0.0358855	0.516153	1.25522	-1.33084	12.6484	-0.242402	-1.0904	0.645175	-1.11446	0.642233	
22	-0.316967	1.80181	-1.80019	-0.0427964	0.252002	-0.0110351	-0.0359348	0.516118	1.25545	-1.48011	15.9244	0.137366	-1.08213	0.644434	-1.02002	0.604454	
23	-0.316967	1.80209	-1.80019	-0.0457832	0.287157	-0.00864732	-0.0359917	0.516079	1.25573	-1.62939	19.457	0.623981	-1.07397	0.643871	-0.925571	0.585565	
24	-0.317172	1.8024	-1.8002	-0.0512364	0.31683	-0.0063229	-0.0359489	0.516043	1.25582	-2.11156	22.4263	1.08487	-1.07087	0.644101	-1.02002	0.642233	
25	-0.317133	1.80273	-1.80021	-0.0539	0.336307	-0.00698231	-0.0360365	0.515996	1.25619	-2.22766	23.6897	1.06783	-1.06586	0.643538	-1.09557	0.661122	
26	-0.317133	1.80307	-1.80021	-0.0599938	0.347223	-0.00596444	-0.0361055	0.515949	1.25652	-2.83771	23.2416	1.34075	-1.06391	0.64408	-1.13335	0.642233	
27	-0.317232	1.80342	-1.80022	-0.0660875	0.35411	-0.00598042	-0.0361245	0.515905	1.25676	-3.37292	22.7691	1.32812	-1.06462	0.644722	-1.24669	0.680011	
28	-0.317163	1.80377	-1.80023	-0.0702537	0.361162	-0.00541423	-0.036232	0.515853	1.25717	-3.79021	22.506	1.34139	-1.0621	0.64489	-1.30335	0.585565	
29	-0.317163	1.80413	-1.80023	-0.0712172	0.373381	-0.00408105	-0.0363067	0.515803	1.25754	-3.49212	22.0194	1.27758	-1.05886	0.64444	-1.2278	0.661122	
30	-0.317263	1.80451	-1.80024	-0.0801905	0.389853	-0.00418065	-0.0363332	0.515754	1.25781	-4.38945	20.8864	0.993044	-1.05782	0.645288	-1.2278	0.642233	
31	-0.317162	1.80492	-1.80024	-0.0805124	0.410828	-0.00418225	-0.0364677	0.515694	1.25831	-4.07029	19.5312	0.76481	-1.05087	0.644175	-1.13335	0.661122	
32	-0.317162	1.80534	-1.80024	-0.0864919	0.438663	-0.00197501	-0.0365559	0.515635	1.25874	-4.36956	18.6661	0.906011	-1.04476	0.644227	-1.11446	0.661122	
33	-0.317162	1.80581	-1.80025	-0.0924715	0.471864	-0.00188446	-0.0366508	0.515571	1.2592	-4.66882	18.4706	0.676286	-1.03757	0.643859	-1.11446	0.6989	
34	-0.31723	1.80631	-1.80025	-0.0971609	0.51009	-0.00192441	-0.0367188	0.515504	1.25963	-4.59245	19.3261	0.43985	-1.03009	0.643118	-1.03891	0.661122	
35	-0.317331	1.80684	-1.80025	-0.103359	0.54806	-0.000776048	-0.036777	0.515434	1.26006	-4.9459	21.1753	0.620626	-1.02333	0.652798	-0.982238	0.6989	
36	-0.317261	1.80741	-1.80025	-0.109972	0.582545	-8.25584e-05	-0.03693	0.515353	1.26069	-4.99784	23.5321	0.588188	-1.01462	0.652402	-1.03891	0.604454	
37	-0.317261	1.80801	-1.80025	-0.117338	0.61287	-0.000176835	-0.0370537	0.51527	1.26129	-5.12504	25.876	0.580359	-1.00816	0.652218	-1.13335	0.604454	
38	-0.317362	1.80863	-1.80025	-0.123536	0.63669	2.71644e-05	-0.0371297	0.515188	1.26181	-5.32823	27.5528	0.544139	-1.00461	0.652116	-1.11446	0.642233	
39	-0.317531	1.80927	-1.80025	-0.132829	0.65406	-1.06527e-06	-0.0371742	0.515106	1.26228	-6.16122	28.0679	0.407998	-1.54375	0.618697	-1.07668	0.642233	
40	-0.317362	1.80992	-1.80025	-0.13827	0.665676	0	-0.0373951	0.515009	1.2631	-5.80793	27.5823	0.418065	-1.72602	0.606642	-1.15224	0.642233	
41	-0.317531	1.81058	-1.80025	-0.147243	0.681212	0	-0.0374451	0.514923	1.26359	-6.67308	27.0383	0.418225	-2.29513	0.571257	-1.11446	0.585565	
42	-0.317633	1.81127	-1.80025	-0.151828	0.702732	0	-0.0375346	0.514832	1.26418	-6.53361	26.4069	0.197501	-2.39306	0.564363	-1.07668	0.6989	
43	-0.317802	1.81198	-1.80025	-0.157813	0.729313	0	-0.0375945	0.514739	1.26472	-6.53413	25.7449	0.188446	-2.56682	0.552798	-1.02002	0.680011	
44	-0.317802	1.81272	-1.80025	-0.163801	0.759121	0	-0.0377472	0.514636	1.26547	-6.66398	24.9031	0.192441	-2.62038	0.548397	-0.963349	0.528898	
45	-0.317802	1.8135	-1.80025	-0.168167	0.797416	0	-0.0379076	0.514527	1.26624	-6.4808	24.9357	0.0776048	-2.42593	0.558989	-1.07668	0.6989	
46	-0.317802	1.81432	-1.80025	-0.17191	0.839058	0	-0.0380766	0.514412	1.26707	-6.19376	25.6514	0.00825584	-2.13496	0.575394	-1.11446	0.642233	
47	-0.317802	1.81518	-1.80025	-0.176812	0.874664	0	-0.0382519	0.514293	1.26792	-5.94741	26.1794	0.0176835	-2.02027	0.58108	-1.28447	0.680011	
48	-0.317802	1.81606	-1.80025	-0.184702	0.903632	0	-0.0384336	0.51417	1.2688	-6.1166	26.6942	-0.00271644	-2.23866	0.56648	-1.45447	0.604454	
49	-0.318126	1.81696	-1.80025	-0.187692	0.924617	0	-0.038452	0.514056	1.26938	-5.48628	27.0556	0.000106527	-2.30986	0.561107	-1.51114	0.585565	
50	-0.318295	1.81788	-1.80025	-0.19164	0.940711	0	-0.0385535	0.513934	1.27013	-5.33704	27.5035	0	-2.45547	0.551099	-1.81336	0.547787	
51	-0.318295	1.81881	-1.80025	-0.196862	0.950855	0	-0.0387435	0.513804	1.27106	-4.96193	26.9644	0	-2.70946	0.534393	-1.96448	0.585565	
52	-0.318363	1.81974	-1.80025	-0.202534	0.955349	0	-0.0388995	0.513675	1.27192	-5.07064	25.2617	0	-3.1062	0.50901	-2.0967	0.604454	
53	-0.318363	1.82067	-1.80025	-0.206806	0.959913	0	-0.0390914	0.513544	1.27285	-4.89937	23.06	0	-3.35713	0.492505	-2.30448	0.604454	
54	-0.318295	1.82162	-1.80025	-0.212027	0.971597	0	-0.0393207	0.513407	1.27387	-4.82265	21.2476	0	-3.55929	0.478883	-2.30448	0.547787	
55	-0.318863	1.82259	-1.80025	-0.217907	0.987438	0	-0.0392266	0.513294	1.27427	-4.97404	19.0022	0	-4.04559	0.447864	-2.32337	0.585565	
56	-0.318964	1.82357	-1.80025	-0.223129	1.00728	0	-0.039376	0.513159	1.27515	-5.12192	16.8226	0	-4.21466	0.436131	-2.47449	0.585565	
57	-0.319464	1.82458	-1.80025	-0.225378	1.03146	0	-0.0393257	0.513036	1.27566	-4.85659	15.6795	0	-4.2635	0.431722	-2.4556	0.585565	
58	-0.319532	1.82561	-1.80025	-0.227526	1.05471	0	-0.0395011	0.512893	1.27662	-4.28245	15.1074	0	-4.12173	0.439033	-2.43671	0.585565	
59	-0.319139	1.82666	-1.80025	-0.232748	1.07645	0	-0.0399172	0.512728	1.27806	-4.50558	15.1834	0	-4.04329	0.442384	-2.4556	0.566676	
60	-0.319639	1.82773	-1.80025	-0.236159	1.09552	0	-0.0398795	0.512596	1.27863	-4.45192	15.4809	0	-4.25462	0.427938	-2.66338	0.491119	
61	-0.319639	1.82881	-1.80025	-0.2382	1.11129	0	-0.0401008	0.512442	1.27972	-4.13377	16.0433	0	-4.17342	0.431512	-3.00338	0.547787	
62	-0.319571	1.82991	-1.80025	-0.24011	1.12382	0	-0.0403592	0.512283	1.28088	-3.75758	16.8469	0	-4.09427	0.434967	-3.19227	0.510008	
63	-0.320071	1.83101	-1.80025	-0.242339	1.13062	0	-0.0403275	0.512146	1.28149	-3.55321	17.0708	0	-4.37205	0.416427	-3.47561	0.453341	
64	-0.320071	1.83211	-1.80025	-0.2433	1.13062	0	-0.0405518	0.511989	1.28259	-3.12729	15.9022	0	-4.41199	0.412621	-3.68339	0.453341	
65	-0.319503	1.83321	-1.80025	-0.245002	1.1244	0	-0.0410654	0.511809	1.28425	-2.70945	13.6964	0	-4.33876	0.415872	-3.70228	0.510008	
66	-0.320071	1.8343	-1.80025	-0.245961	1.11677	0	-0.040996	0.511677	1.28477	-2.28324	10.9482	0	-4.73427	0.390122	-3.98562	0.415562	
67	-0.320258	1.83538	-1.80025	-0.245753	1.11125	0.000670054	-0.0411205	0.511529	1.28567	-2.03752	7.97945	0.0670054	-4.83	0.382981	-3.98562	0.415562	
68	-0.32019	1.83646	-1.80025	-0.248513	1.10791	0.00102639	-0.0413747	0.511371	1.28682	-2.09866	5.32038	0.102639	-5.02629	0.37957	-4.0234	0.510008	
69	-0.320758	1.83754	-1.80025	-0.24979	1.10583	0.000975254	-0.0413034	0.51124	1.28733	-1.70423	2.93748	0.0975254	-5.37658	0.346352	-4.15562	0.396673	
70	-0.320944	1.83862	-1.80025	-0.24842	1.10585	0.000977917	-0.0414268	0.511093	1.28822	-1.22601	1.03331	0.0977917	-5.31157	0.349021	-4.13673	0.453341	
71	-0.320876	1.8397	-1.80025	-0.250225	1.10647	0.000977917	-0.0416804	0.510934	1.28937	-1.20248	-0.481874	0.0977917	-5.3818	0.343332	-4.30674	0.47223	
72	-0.320876	1.84078	-1.80025	-0.25012	1.10762	0.000977917	-0.0418993	0.510778	1.29045	-1.00101	-1.61942	0.0977917	-5.32079	0.345793	-4.26896	0.491119	
73	-0.321063	1.84186	-1.80024	-0.247892	1.10563	0.000977917	-0.0420221	0.510631	1.29134	-0.555342	-2.49917	0.0977917	-5.21299	0.351157	-4.36341	0.453341	
74	-0.321818	1.84293	-1.80024	-0.245982	1.098	0.000977917	-0.0418535	0.510508	1.29166	-0.268185	-3.26169	0.0977917	-5.46135	0.334166	-4.53341	0.415562	
75	-0.322764	1.84398	-1.80024	-0.244384	1.08636	0.000977917	-0.0415847	0.510394	1.29177	0.0617509	-3.80471	0.0977917	-5.87582	0.306567	-4.47674	0.415562	
76	-0.323142	1.84503	-1.80024	-0.242469	1.07024	0.000977917	-0.0416028	0.510259	1.29244	0.349276	-4.6531	0.0977917	-6.06505	0.293313	-4.7223	0.396673	
77	-0.323142	1.84605	-1.80024	-0.242469	1.05373	0.000307863	-0.0418102	0.51011	1.29347	0.328449	-5.75267	-0.0362191	-6.2489	0.280507	-4.85452	0.396673	
78	-0.324268	1.84706	-1.80024	-0.239709	1.0374	-4.84697e-05	-0.04144	0.510011	1.29335	0.88041	-7.05043	-0.107486	-6.64687	0.253622	-4.87341	0.358895	
79	-0.3237	1.84806	-1.80024	-0.236077	1.02104	2.66317e-06	-0.0419302	0.509843	1.29491	1.37131	-8.47896	-0.0972591	-6.33812	0.272319	-5.02453	0.340006	
80	-0.323891	1.84904	-1.80024	-0.235635	1.00621	0	-0.0420302	0.509708	1.2957	1.27843	-9.9641	-0.0977917	-6.54628	0.257937	-5.11897	0.321116	
81	-0.325017	1.85	-1.80024	-0.23383	0.990335	0	-0.0416509	0.509615	1.29554	1.63952	-11.6135	-0.0977917	-6.67593	0.248855	-5.15675	0.415562	
82	-0.325963	1.85095	-1.80024	-0.231582	0.972065	0	-0.0413598	0.509517	1.29554	1.8538	-13.5558	-0.0977917	-6.70968	0.246019	-5.4212	0.321116	
83	-0.326443	1.85188	-1.80024	-0.228798	0.955739	0	-0.041303	0.509401	1.29599	1.90945	-14.9891	-0.0977917	-6.72732	0.243901	-5.51565	0.302227	
84	-0.326924	1.85279	-1.80024	-0.226013	0.936114	0	-0.0412418	0.509288	1.29642	1.99691	-16.1889	-0.0977917	-6.74577	0.241887	-5.5912	0.302227	
85	-0.325978	1.85368	-1.80024	-0.224615	0.910536	0	-0.0419018	0.50912	1.29825	1.97698	-17.5819	-0.0977917	-6.71758	0.243028	-5.79898	0.358895	
86	-0.326267	1.85454	-1.80024	-0.220239	0.882699	0	-0.0419275	0.509006	1.29882	2.22294	-18.7536	-0.0977917	-6.73125	0.241369	-5.9501	0.264449	
87	-0.326747	1.85536	-1.80024	-0.216177	0.850615	0	-0.0418493	0.508906	1.29917	2.62921	-20.3112	-0.0307863	-6.75246	0.239556	-6.08232	0.302227	
88	-0.325621	1.85616	-1.80024	-0.212106	0.818252	0	-0.0425821	0.508742	1.30109	2.76028	-21.9153	0.00484697	-6.71965	0.24083	-6.21455	0.302227	
89	-0.326567	1.85692	-1.80024	-0.210611	0.78834	0	-0.0422548	0.50867	1.30091	2.54664	-23.2696	-0.000266317	-6.75651	0.238654	-6.40344	0.264449	
90	-0.326567	1.85767	-1.80024	-0.204532	0.760883	0	-0.0424036	0.508561	1.30165	3.11035	-24.5329	0	-6.76035	0.237363	-6.53566	0.207781	
91	-0.326819	1.85838	-1.80024	-0.198226	0.73406	0	-0.0424187	0.508467	1.30212	3.56043	-25.6275	0	-6.77256	0.235564	-6.42233	0.264449	
92	-0.327251	1.85906	-1.80024	-0.192361	0.702406	0	-0.042336	0.508385	1.30237	3.92211	-26.9659	0	-6.79209	0.233671	-6.53566	0.24556	
93	-0.326017	1.85971	-1.80024	-0.191076	0.663599	0	-0.0430928	0.508237	1.30425	3.7722	-29.214	0	-6.7578	0.236097	-6.53566	0.207781	
94	-0.325728	1.86031	-1.80024	-0.187339	0.624111	0	-0.043361	0.508136	1.30514	3.86734	-31.2002	0	-6.75532	0.236315	-6.61122	0.264449	
95	-0.327106	1.86089	-1.80024	-0.179341	0.589	0	-0.0427756	0.508111	1.30434	4.52738	-32.1536	0	-6.80729	0.232459	-6.76233	0.264449	
96	-0.326817	1.86143	-1.80024	-0.176883	0.555713	0	-0.0430306	0.508019	1.30516	4.33567	-32.6987	0	-6.80368	0.232848	-6.63011	0.207781	
97	-0.32696	1.86194	-1.80024	-0.171861	0.522971	0	-0.04306	0.50795	1.30553	4.43154	-32.7643	0	-6.81417	0.231936	-6.649	0.170003	
98	-0.328445	1.86241	-1.80024	-0.169411	0.489184	0.000771787	-0.0424008	0.507943	1.30452	4.26954	-32.9068	0.0771787	-6.87074	0.229014	-6.76233	0.188892	
99	-0.328877	1.86285	-1.80024	-0.162907	0.451425	0.00232868	-0.0422695	0.507897	1.30453	4.77033	-33.6915	0.232868	-6.892	0.237628	-6.55455	0.264449	
100	-0.327931	1.86324	-1.80024	-0.157992	0.40814	0.00222908	-0.0428292	0.507799	1.30587	4.65394	-35.2743	0.222908	-6.86823	0.239361	-6.70567	0.22667	
101	-0.327931	1.86359	-1.80023	-0.155214	0.361859	0.00222481	-0.0428996	0.507747	1.30622	4.30111	-37.2201	0.222481	-6.87771	0.239761	-6.55455	0.188892	
102	-0.326553	1.8639	-1.80023	-0.146036	0.318547	0.00222641	-0.0436611	0.507642	1.30791	4.63255	-38.3859	0.222641	-6.83911	0.241642	-6.68678	0.321116	
103	-0.326553	1.86417	-1.80023	-0.134621	0.278373	0.00222641	-0.0437152	0.507603	1.30818	5.64543	-38.5226	0.222641	-6.84594	0.240336	-6.68678	0.207781	
104	-0.326985	1.8644	-1.80023	-0.132058	0.241174	0.00222641	-0.0435429	0.507587	1.30799	5.52813	-38.2937	0.222641	-6.86815	0.239831	-6.74344	0.264449	
105	-0.325607	1.8646	-1.80022	-0.125657	0.202306	0.00222641	-0.0442817	0.507498	1.30956	5.36836	-38.6694	0.222641	-6.8295	0.242236	-6.72456	0.264449	
106	-0.32604	1.86476	-1.80022	-0.123094	0.164742	0.00222641	-0.0440945	0.507494	1.30929	5.37886	-39.097	0.222641	-6.8519	0.241864	-6.819	0.207781	
107	-0.32604	1.86487	-1.80022	-0.123094	0.122822	0.00222641	-0.0441183	0.507476	1.30941	4.87671	-40.0149	0.222641	-6.8614	0.243012	-6.74344	0.22667	
108	-0.324554	1.86495	-1.80022	-0.111354	0.0792613	0.00145462	-0.0448874	0.507399	1.31097	5.80565	-40.9922	0.0682837	-6.81995	0.244804	-6.76233	0.22667	
109	-0.324554	1.86498	-1.80022	-0.0991917	0.0371268	-0.000102266	-0.044894	0.507394	1.31101	6.37157	-41.4298	-0.243094	-6.82773	0.233591	-6.85678	0.207781	
110	-0.325932	1.86498	-1.80022	-0.0893813	-0.0041423	-2.66317e-06	-0.0441933	0.507457	1.30962	6.86111	-41.2283	-0.223174	-6.90148	0.230365	-6.70567	0.170003	
111	-0.325932	1.86493	-1.80022	-0.0772188	-0.0462332	1.5979e-06	-0.044184	0.507464	1.30957	7.79956	-40.8092	-0.222322	-6.9092	0.229421	-6.72456	0.207781	
112	-0.32731	1.86484	-1.80022	-0.0714572	-0.0887263	0	-0.043467	0.507537	1.30811	7.45785	-40.7274	-0.222641	-6.96446	0.227018	-6.72456	0.24556	
113	-0.328688	1.86471	-1.80022	-0.0656956	-0.129055	0	-0.042742	0.507615	1.3066	6.89256	-40.7429	-0.222641	-7.01964	0.224509	-6.78122	0.170003	
114	-0.32731	1.86454	-1.80022	-0.0565189	-0.170236	0	-0.0434077	0.507581	1.30781	7.55391	-41.1411	-0.222641	-6.98137	0.227116	-6.74344	0.188892	
115	-0.32731	1.86434	-1.80022	-0.053743	-0.208892	0	-0.0433666	0.507611	1.3076	7.19142	-41.1198	-0.222641	-6.99035	0.228077	-6.76233	0.22667	
116	-0.327482	1.86409	-1.80022	-0.0377399	-0.248888	0	-0.0432304	0.507655	1.30719	8.53541	-41.363	-0.222641	-7.00295	0.226247	-6.78122	0.170003	
117	-0.327674	1.86381	-1.80022	-0.0199214	-0.285268	0	-0.0430768	0.507705	1.30671	10.3173	-40.8091	-0.222641	-6.59881	0.251918	-6.70567	0.264449	
118	-0.329243	1.86349	-1.80022	-0.0112795	-0.321774	0	-0.0422163	0.507819	1.30483	10.0075	-40.1035	-0.145462	-7.07567	0.220577	-6.80011	0.207781	
119	-0.327865	1.86314	-1.80022	-0.00636971	-0.362382	0	-0.0428449	0.507812	1.30585	9.2822	-39.9508	0.0102266	-6.60547	0.253398	-6.76233	0.264449	
120	-0.326487	1.86274	-1.80022	-0.00145988	-0.406825	0	-0.0434649	0.507812	1.30683	8.79214	-40.2682	0.000266317	-6.13589	0.286018	-6.83789	0.264449	
121	-0.325109	1.8623	-1.80022	0.00344995	-0.448687	0	-0.0440769	0.507816	1.30777	8.06688	-40.2453	-0.00015979	-5.6389	0.319989	-6.97011	0.24556	
122	-0.325281	1.86183	-1.80022	0.012097	-0.485261	0	-0.0438949	0.507894	1.30712	8.35542	-39.6535	0	-5.50989	0.329322	-6.89456	0.22667	
123	-0.325453	1.86132	-1.80022	0.0207441	-0.518876	0	-0.0437064	0.507976	1.30644	8.64397	-38.9821	0	-5.34589	0.340891	-6.819	0.151114	
124	-0.327023	1.86078	-1.80022	0.0293859	-0.55197	0	-0.0428008	0.508124	1.30433	8.59048	-38.1733	0	-5.84515	0.309161	-6.87567	0.151114	
125	-0.327023	1.86021	-1.80022	0.0372815	-0.588275	0	-0.0426857	0.508208	1.30376	9.10246	-37.9383	0	-5.70071	0.319772	-6.76233	0.264449	
126	-0.327023	1.85959	-1.80022	0.0447594	-0.62574	0	-0.042563	0.508298	1.30315	8.24992	-37.6852	0	-5.60847	0.327087	-6.68678	0.302227	
127	-0.326966	1.85894	-1.80022	0.0483919	-0.664113	0	-0.0424617	0.508391	1.30256	6.83132	-37.8845	0	-5.81872	0.315026	-6.49788	0.207781	
128	-0.326946	1.85826	-1.80022	0.0540544	-0.701046	0	-0.0423346	0.508491	1.30189	6.53339	-37.9272	0	-5.86531	0.313499	-6.44122	0.24556	
129	-0.326946	1.85755	-1.80022	0.0540544	-0.73187	0	-0.0421911	0.508596	1.30118	6.04241	-36.9488	0	-6.3099	0.28628	-6.32788	0.170003	
130	-0.328496	1.85681	-1.80022	0.0632345	-0.756009	0	-0.0412544	0.508768	1.29889	6.46944	-34.9185	0	-6.66976	0.262937	-6.21455	0.264449	
131	-0.330009	1.85605	-1.80022	0.0676132	-0.78122	0	-0.040331	0.508941	1.29661	6.41633	-33.2533	0	-7.20957	0.228097	-5.91232	0.264449	
132	-0.328459	1.85525	-1.80022	0.063876	-0.81185	0	-0.0409597	0.508994	1.29737	5.17789	-32.6588	0	-7.16662	0.234262	-5.87454	0.321116	
133	-0.328459	1.85442	-1.80022	0.0693188	-0.845061	0	-0.0407932	0.509114	1.29654	4.85747	-32.6185	0	-7.17508	0.235368	-5.64787	0.264449	
134	-0.328402	1.85357	-1.80022	0.0793565	-0.879299	0	-0.0406492	0.509237	1.29574	4.99706	-32.7329	0	-7.12689	0.239427	-5.70454	0.170003	
135	-0.329915	1.85268	-1.80022	0.0901404	-0.91082	0	-0.0396989	0.509427	1.29334	5.28589	-32.2546	0	-7.23937	0.232519	-5.83676	0.264449	
136	-0.329796	1.85176	-1.80022	0.0837317	-0.939896	0	-0.0395742	0.509555	1.29254	3.89723	-31.4156	0	-7.24571	0.236126	-5.7801	0.264449	
137	-0.329796	1.85081	-1.80022	0.0907739	-0.969843	0	-0.0393827	0.509693	1.29159	4.2382	-30.573	0	-7.25328	0.236962	-5.91232	0.321116	
138	-0.329759	1.84983	-1.80022	0.0957861	-0.99905	-0.000507068	-0.0392036	0.509832	1.29065	4.17317	-29.8004	-0.0507068	-7.25999	0.238236	-6.23344	0.207781	
139	-0.331309	1.84882	-1.80022	0.107958	-1.03157	-0.000469784	-0.038209	0.510038	1.28809	5.39033	-29.9702	-0.0469784	-7.32038	0.234661	-6.42233	0.264449	
140	-0.331309	1.84778	-1.80022	0.110949	-1.06542	-0.000469251	-0.0379977	0.510188	1.28705	4.77147	-30.9413	-0.0469251	-7.33007	0.236522	-6.61122	0.22667	
141	-0.331346	1.84671	-1.80022	0.118742	-1.09643	-0.000469784	-0.0377612	0.510343	1.28594	5.11287	-31.5206	-0.0469784	-7.33924	0.237318	-6.63011	0.264449	
142	-0.332895	1.84561	-1.80022	0.130914	-1.12745	-0.000469784	-0.0367463	0.510558	1.28329	6.70375	-31.5599	-0.0469784	-7.39994	0.233657	-6.74344	0.302227	
143	-0.332666	1.84448	-1.80022	0.132836	-1.1591	-0.000469784	-0.0366328	0.510711	1.28238	6.35174	-31.404	-0.0469784	-7.40161	0.236309	-6.93234	0.358895	
144	-0.332703	1.84331	-1.80022	0.134224	-1.19151	-0.000469784	-0.036377	0.510879	1.28118	5.48674	-31.2206	-0.0469784	-7.41294	0.238479	-7.06456	0.22667	
145	-0.33274	1.84212	-1.80022	0.135612	-1.22391	-0.000469784	-0.0361144	0.51105	1.27995	4.54711	-31.3094	-0.0469784	-7.42435	0.24069	-7.1779	0.207781	
146	-0.332822	1.84089	-1.80022	0.152375	-1.2609	-0.000469784	-0.035821	0.511228	1.27864	6.86434	-32.1003	-0.0469784	-7.43467	0.24008	-7.1779	0.22667	
147	-0.332539	1.83962	-1.80022	0.157181	-1.29758	-0.000469784	-0.0357068	0.511398	1.27765	6.6407	-32.7736	-0.0469784	-7.43527	0.242685	-7.15901	0.207781	
148	-0.332539	1.83832	-1.80022	0.166037	-1.33582	3.72844e-05	-0.0354405	0.511583	1.27635	7.02505	-33.6768	0.0544352	-7.4451	0.243969	-7.23456	0.170003	
149	-0.332539	1.83698	-1.80022	0.166037	-1.3731	0	-0.0351665	0.511772	1.27501	5.80789	-34.1529	0.0469784	-7.45714	0.246898	-7.25345	0.264449	
150	-0.33222	1.8356	-1.80022	0.170092	-1.41297	-5.32635e-07	-0.0350479	0.511956	1.27395	5.91427	-34.7551	0.0468718	-7.45769	0.250009	-7.14012	0.264449	
151	-0.332183	1.83417	-1.80022	0.178197	-1.4582	0	-0.034775	0.512155	1.27256	5.94549	-36.1777	0.0469784	-7.46849	0.251906	-7.38568	0.113335	
152	-0.332146	1.8327	-1.80022	0.189937	-1.50388	0	-0.0344926	0.51236	1.27113	5.90234	-37.6431	0.0469784	-7.47854	0.25319	-7.38568	0.22667	
153	-0.332375	1.83119	-1.80022	0.191006	-1.55033	0	-0.0340645	0.512581	1.26938	5.81694	-39.1231	0.0469784	-7.501	0.255921	-7.21567	0.264449	
154	-0.332338	1.82963	-1.80022	0.202746	-1.59143	0	-0.0337639	0.512797	1.26787	6.85219	-39.9924	0.0469784	-7.51008	0.257147	-7.3479	0.22667	
155	-0.332338	1.82804	-1.80022	0.202746	-1.63488	0	-0.0334353	0.51302	1.26627	6.71342	-41.0962	0.0469784	-7.52429	0.260656	-7.3479	0.170003	
156	-0.331881	1.82639	-1.80022	0.208186	-1.67918	0	-0.033332	0.513233	1.26509	5.58109	-41.8285	0.0469784	-7.52137	0.264391	-7.21567	0.22667	
157	-0.331707	1.82471	-1.80022	0.21961	-1.72269	0	-0.0330748	0.513462	1.26358	6.24289	-42.5111	0.0469784	-7.52661	0.266292	-7.31012	0.302227	
158	-0.331707	1.82299	-1.80022	0.223245	-1.76622	0	-0.0327189	0.513701	1.26185	5.72083	-43.0405	-0.00372844	-7.54015	0.269293	-7.46123	0.22667	
159	-0.331213	1.82122	-1.80022	0.238724	-1.81099	0	-0.0326074	0.51393	1.26058	7.26873	-43.7893	0	-7.53358	0.271409	-7.10234	0.264449	
160	-0.331533	1.8194	-1.80022	0.234669	-1.86034	0	-0.0320676	0.514191	1.25844	6.45769	-44.7363	5.32635e-05	-7.5621	0.27541	-7.31012	0.151114	
161	-0.330848	1.81754	-1.80022	0.242043	-1.90982	0	-0.0320343	0.514425	1.25726	6.38458	-45.1619	0	-7.55246	0.279889	-7.42346	0.22667	
162	-0.330885	1.81562	-1.80022	0.230303	-1.96057	0	-0.0316186	0.51469	1.25531	4.03657	-45.6694	0	-7.57382	0.286287	-7.23456	0.302227	
163	-0.330848	1.81366	-1.80022	0.249095	-2.01105	0	-0.0312302	0.514958	1.25339	5.80897	-46.0714	0	-7.58416	0.2871	-7.49901	0.24556	
164	-0.330162	1.81165	-1.80022	0.259661	-2.0629	0	-0.0311651	0.515211	1.25206	5.69151	-47.1475	0	-7.57457	0.291284	-7.40457	0.264449	
165	-0.330162	1.80959	-1.80022	0.281648	-2.1114	0	-0.0307369	0.515492	1.25	7.89026	-47.652	0	-7.58489	0.291452	-7.40457	0.302227	
166	-0.329934	1.80748	-1.80022	0.293922	-2.15614	0	-0.0304168	0.515771	1.24812	8.57355	-47.6952	0	-7.58912	0.293969	-7.53679	0.22667	
167	-0.330428	1.80534	-1.80022	0.30043	-2.2018	0	-0.0297141	0.516077	1.24548	8.08201	-47.911	0	-7.62058	0.295814	-7.3479	0.377784	
168	-0.330428	1.80314	-1.80022	0.315053	-2.25034	0	-0.0292555	0.516373	1.24328	9.18082	-48.4121	0	-7.63323	0.297575	-7.42346	0.302227	
169	-0.329919	1.80089	-1.80022	0.321561	-2.30133	0	-0.0290492	0.51666	1.24155	8.28375	-49.0337	0	-7.63116	0.302384	-7.27234	0.24556	
170	-0.329196	1.7986	-1.80022	0.348678	-2.3526	0	-0.0289419	0.516947	1.23997	11.401	-49.2265	0	-7.61568	0.303904	-7.42346	0.358895	
171	-0.329882	1.79625	-1.80022	0.359562	-2.40565	0	-0.0280957	0.517281	1.23694	11.752	-49.5833	0	-7.65474	0.305	-7.46123	0.264449	
172	-0.329159	1.79386	-1.80022	0.386679	-2.45578	0	-0.0279667	0.517579	1.23527	15.6377	-49.5206	0	-7.63895	0.306629	-7.61235	0.302227	
173	-0.328193	1.79142	-1.80022	0.39787	-2.50277	0	-0.027954	0.517877	1.2338	14.8775	-49.1724	0	-7.61895	0.311827	-7.55568	0.302227	
174	-0.327913	1.78893	-1.80022	0.405547	-2.54695	0.000771787	-0.027577	0.518198	1.23159	14.5887	-48.4046	0.0771787	-7.62317	0.315919	-7.55568	0.321116	
175	-0.326572	1.78641	-1.80022	0.413551	-2.58846	0.000795223	-0.0277407	0.518494	1.23041	13.1903	-47.7064	0.0795223	-7.59013	0.322522	-7.48012	0.302227	
176	-0.326291	1.78385	-1.80022	0.425721	-2.62876	0.00140083	-0.0273462	0.518824	1.22813	13.18	-47.2627	0.140083	-7.59215	0.335683	-7.32901	0.302227	
177	-0.324951	1.78124	-1.80022	0.433725	-2.67148	0.00136887	-0.027492	0.51913	1.22687	13.3295	-46.9685	0.136887	-7.21537	0.364826	-7.49901	0.321116	
178	-0.323647	1.77859	-1.80022	0.437352	-2.71898	0.00136621	-0.0276092	0.519442	1.22552	12.2299	-46.8635	0.136621	-7.22207	0.370096	-7.29123	0.264449	
179	-0.323647	1.77588	-1.80022	0.449841	-2.77168	0.00136674	-0.0270374	0.519795	1.22281	12.828	-47.0351	0.136674	-7.24463	0.372719	-7.59346	0.358895	
180	-0.323366	1.77313	-1.80022	0.461998	-2.82581	0.00136674	-0.0265997	0.520147	1.22034	11.332	-47.3207	0.136674	-7.18057	0.381203	-7.5179	0.358895	
181	-0.322062	1.77032	-1.80022	0.474697	-2.878	0.00136674	-0.0266827	0.520476	1.21884	11.5135	-47.2348	0.136674	-6.51794	0.427912	-7.5179	0.302227	
182	-0.321782	1.76747	-1.80022	0.486854	-2.92434	0.00136674	-0.0262235	0.520838	1.21627	10.0175	-46.8559	0.136674	-6.35804	0.442039	-7.63124	0.302227	
183	-0.322062	1.76458	-1.80021	0.502024	-2.96604	0.00136674	-0.0254621	0.521217	1.2131	10.4154	-46.3271	0.136674	-6.1746	0.456874	-7.48012	0.302227	
184	-0.321321	1.76164	-1.80021	0.511103	-3.01403	0.000594953	-0.0252223	0.521575	1.2109	10.5555	-46.7079	-0.0176835	-6.08689	0.457058	-7.48012	0.321116	
185	-0.321939	1.75863	-1.80021	0.526265	-3.07344	0.00245278	-0.0242594	0.521973	1.20728	11.2714	-48.4983	0.165756	-6.35395	0.45462	-7.36679	0.283338	
186	-0.321939	1.75557	-1.80021	0.535864	-3.13966	0.00181042	-0.0236044	0.522362	1.20422	11.0142	-51.0899	0.0409596	-6.91327	0.424984	-7.21567	0.358895	
187	-0.322558	1.75245	-1.80021	0.551025	-3.20335	0.00182481	-0.0226118	0.52277	1.20047	11.7301	-53.1868	0.0455935	-7.29605	0.405323	-7.08345	0.358895	
188	-0.322154	1.74926	-1.80021	0.560097	-3.26151	0.00183013	-0.02214	0.52316	1.1977	12.2744	-54.2534	0.0463925	-7.58872	0.392624	-7.02678	0.415562	
189	-0.322435	1.74603	-1.80021	0.570773	-3.31111	0.0018296	-0.0212983	0.523569	1.19419	12.0932	-53.9425	0.0462859	-7.66433	0.392779	-6.85678	0.358895	
190	-0.321694	1.74275	-1.8002	0.570561	-3.35813	0.0018296	-0.0209808	0.52396	1.19165	10.8563	-53.2317	0.0462859	-7.65782	0.400709	-6.78122	0.396673	
191	-0.32129	1.73943	-1.8002	0.584961	-3.40523	0.00105408	-0.0204754	0.524361	1.18874	11.0264	-52.7231	-0.0312656	-7.65813	0.405021	-6.59233	0.358895	
192	-0.320549	1.73606	-1.8002	0.599149	-3.458	0.00105941	-0.020135	0.524761	1.1861	11.2295	-53.3667	-0.030733	-7.64838	0.410618	-6.57344	0.396673	
193	-0.320268	1.73263	-1.8002	0.608641	-3.51786	0.00106793	-0.0195395	0.525175	1.18295	10.6617	-55.1822	-0.0298808	-7.65781	0.416407	-6.66789	0.340006	
194	-0.320268	1.72913	-1.8002	0.623041	-3.57853	0.00178166	-0.0187822	0.525599	1.17946	11.1938	-56.4501	0.118671	-7.6753	0.420738	-6.70567	0.415562	
195	-0.320268	1.72559	-1.8002	0.623041	-3.63473	-0.000123039	-0.0180116	0.526027	1.17592	9.67765	-56.129	-0.257582	-7.69719	0.417493	-6.66789	0.396673	
196	-0.320268	1.72198	-1.8002	0.637247	-3.69276	-9.16131e-05	-0.0172266	0.52646	1.17231	10.1383	-55.31	-0.190204	-7.71442	0.421839	-6.68678	0.415562	
197	-0.318417	1.71832	-1.8002	0.645556	-3.75218	-7.29709e-05	-0.0174027	0.526865	1.1705	9.45304	-54.8831	-0.189778	-7.671	0.432085	-7.00789	0.453341	
198	-0.319439	1.71461	-1.8002	0.651647	-3.80696	-7.56341e-05	-0.0160523	0.527322	1.16576	9.155	-54.545	-0.190577	-7.72524	0.43544	-7.12123	0.396673	
199	-0.319159	1.71084	-1.8002	0.664774	-3.85981	-7.56341e-05	-0.015376	0.527761	1.16228	9.4001	-54.8707	-0.190523	-7.73222	0.440661	-7.36679	0.358895	
200	-0.320181	1.70703	-1.8002	0.688458	-3.90638	-7.56341e-05	-0.0140004	0.528221	1.15745	11.7897	-54.8258	-0.190523	-7.77865	0.440278	-7.27234	0.415562	
201	-0.319352	1.70318	-1.8002	0.699026	-3.9503	0.000699882	-0.013591	0.528657	1.15442	11.4065	-54.5067	-0.0354202	-7.7655	0.447094	-7.59346	0.396673	
202	-0.320093	1.69928	-1.8002	0.707885	-3.9945	0.000694555	-0.0123405	0.529115	1.14979	10.8736	-53.65	-0.0364855	-7.80723	0.450205	-7.40457	0.415562	
203	-0.317936	1.69534	-1.8002	0.717271	-4.03974	0.000686033	-0.0126124	0.529539	1.148	10.863	-52.188	-0.0381899	-7.74949	0.460797	-7.59346	0.47223	
204	-0.318678	1.69135	-1.8002	0.733288	-4.08762	0.000747819	-0.0113381	0.530001	1.14327	11.0247	-50.9094	-0.103384	-7.78952	0.462911	-7.49901	0.415562	
205	-0.318678	1.68732	-1.8002	0.750881	-4.1382	0.00127246	-0.0104438	0.530456	1.13924	12.784	-50.3467	0.13955	-7.80424	0.47685	-7.65013	0.491119	
206	-0.31652	1.68324	-1.8002	0.756631	-4.18165	0.00123145	-0.0106838	0.53089	1.13732	11.9384	-48.8891	0.132306	-7.74782	0.488176	-7.53679	0.358895	
207	-0.315933	1.67911	-1.80019	0.767199	-4.22811	0.00123092	-0.0100795	0.531344	1.13378	12.1643	-47.5927	0.130389	-7.74423	0.494807	-7.49901	0.415562	
208	-0.315933	1.67493	-1.80019	0.798247	-4.28583	0.00123092	-0.00914844	0.531807	1.1296	14.66	-47.8865	0.130655	-7.75591	0.496781	-7.57457	0.415562	
209	-0.315933	1.67069	-1.80019	0.815417	-4.34978	0.00123092	-0.00820169	0.532272	1.12536	15.0642	-48.9962	0.130655	-7.77423	0.501825	-7.6879	0.396673	
210	-0.315933	1.66637	-1.80019	0.828872	-4.41923	0.00123092	-0.00723734	0.532741	1.12105	14.0414	-51.2847	0.130655	-7.79536	0.507981	-7.91457	0.453341	
211	-0.317503	1.66199	-1.80019	0.840292	-4.49149	0.00123092	-0.00541821	0.533223	1.11509	14.1266	-54.1193	0.0531037	-7.87196	0.51071	-7.66902	0.510008	
212	-0.315345	1.65753	-1.80019	0.861102	-4.56582	0.00213959	-0.00556853	0.533686	1.1128	15.3217	-57.1318	0.144504	-7.8175	0.521582	-7.66902	0.415562	
213	-0.317503	1.65301	-1.80019	0.872522	-4.63816	0.00207195	-0.00339857	0.534174	1.10612	15.5251	-59.8419	0.138592	-7.91458	0.522962	-7.55568	0.453341	
214	-0.317503	1.64841	-1.80018	0.892689	-4.71041	0.00129537	-0.00236159	0.534654	1.10152	15.9401	-62.2782	0.0547548	-7.93438	0.528353	-7.72568	0.415562	
215	-0.315065	1.64374	-1.80018	0.913076	-4.78471	0.000794691	-0.0026108	0.535131	1.09929	16.2195	-64.6514	-0.0477773	-7.87053	0.530383	-7.48012	0.415562	
216	-0.317222	1.639	-1.80018	0.938692	-4.86662	0.00084103	-0.000380565	0.535622	1.09239	18.2061	-68.497	-0.0390421	-7.96475	0.529917	-7.57457	0.491119	
217	-0.316547	1.63416	-1.80018	0.950862	-4.95221	0.000840497	0.000354701	0.536111	1.08823	18.3663	-72.4099	-0.0390421	-7.96751	0.539828	-7.83902	0.510008	
218	-0.314109	1.62926	-1.80018	0.957794	-5.03363	0.000840497	0.00016305	0.536605	1.08576	15.9547	-74.78	-0.0390421	-7.9107	0.555248	-7.72568	0.585565	
219	-0.311277	1.62427	-1.80018	0.977874	-5.10837	0.000840497	-0.000223591	0.537103	1.08361	16.2457	-75.8592	-0.0390421	-7.83463	0.568668	-7.63124	0.453341	
220	-0.30884	1.61923	-1.80018	0.984806	-5.17167	0.00275638	-0.000385309	0.537604	1.08101	15.5934	-75.2438	0.152547	-7.77501	0.592859	-8.06569	0.547787	
221	-0.305236	1.61414	-1.80017	0.999002	-5.22689	0.00428078	-0.0011624	0.538106	1.07953	15.871	-73.5391	0.304987	-7.67313	0.607656	-7.74457	0.547787	
222	-0.305236	1.60899	-1.80017	0.999002	-5.28312	0.00404323	1.3027e-05	0.538613	1.07438	13.7899	-71.7293	0.190364	-7.69669	0.616956	-7.6879	0.510008	
223	-0.303078	1.60377	-1.80016	1.00668	-5.34719	0.00444324	4.25517e-05	0.539121	1.07133	13.4161	-70.9024	0.237129	-7.64817	0.630181	-7.76346	0.510008	
224	-0.300921	1.5985	-1.80016	1.00017	-5.41196	0.00457427	8.6819e-05	0.539631	1.06821	10.7479	-70.1554	0.32789	-7.60561	0.646147	-7.83902	0.585565	
225	-0.300246	1.59315	-1.80015	1.02185	-5.48662	0.00455083	0.000949536	0.540144	1.06354	10.8777	-70.191	0.375614	-7.60326	0.654213	-7.65013	0.566676	
226	-0.297414	1.58772	-1.80015	1.04394	-5.56592	0.00455243	0.000665814	0.540662	1.06095	10.5252	-69.9292	0.37114	-7.53252	0.666997	-7.95235	0.453341	
227	-0.298089	1.58222	-1.80014	1.08098	-5.63914	0.00455243	0.00229564	0.541177	1.05478	13.0114	-68.693	0.371193	-7.56749	0.66949	-7.83902	0.585565	
228	-0.298089	1.57665	-1.80014	1.11108	-5.71089	0.00455243	0.00358026	0.541693	1.04922	15.3283	-67.7259	0.371193	-7.58305	0.674696	-7.78235	0.642233	
229	-0.297317	1.57101	-1.80013	1.1258	-5.78468	0.00455243	0.00446589	0.542212	1.04435	14.7926	-67.6315	0.371193	-7.58006	0.684683	-7.85791	0.547787	
230	-0.297317	1.56528	-1.80013	1.1559	-5.87124	0.00484271	0.00579215	0.542728	1.03863	17.1095	-69.9576	0.208633	-7.59869	0.691132	-7.5179	0.547787	
231	-0.295789	1.55946	-1.80012	1.17651	-5.96434	0.00557509	0.00631247	0.543255	1.03434	17.7506	-73.7457	0.12943	-7.57336	0.703083	-7.48012	0.642233	
232	-0.295789	1.55355	-1.80012	1.20661	-6.058	0.0056422	0.00768626	0.543774	1.02844	20.7607	-77.4888	0.159897	-7.59338	0.710316	-7.5179	0.604454	
233	-0.295115	1.54755	-1.80011	1.24493	-6.15359	0.00677245	0.00871733	0.544299	1.02312	23.8244	-80.6407	0.232921	-7.58884	0.717631	-7.29123	0.642233	
234	-0.295115	1.54146	-1.80011	1.2905	-6.24784	0.00669575	0.0101398	0.544818	1.01703	29.0331	-83.588	0.212148	-7.60265	0.722244	-7.59346	0.642233	
235	-0.295115	1.53529	-1.8001	1.30713	-6.32636	0.00669309	0.0115831	0.545335	1.01087	28.528	-83.9733	0.214226	-7.62449	0.731471	-7.46123	0.661122	
236	-0.295115	1.52905	-1.8001	1.31685	-6.39336	0.00669415	0.0130448	0.545848	1.00464	27.2902	-82.7448	0.214172	-7.6467	0.74132	-7.23456	0.642233	
237	-0.295115	1.52276	-1.80009	1.33232	-6.45797	0.00669415	0.0145245	0.546357	0.99835	25.1342	-81.8835	0.214172	-7.66614	0.749982	-7.82013	0.642233	
238	-0.291059	1.5164	-1.80008	1.34779	-6.51792	0.0073642	0.0138028	0.546922	0.996058	23.6713	-80.7037	0.281178	-7.55591	0.766323	-7.38568	0.604454	
239	-0.289532	1.50998	-1.80007	1.37681	-6.59144	0.0089669	0.0144809	0.547451	0.991167	25.1012	-80.6755	0.441447	-7.52349	0.776122	-7.29123	0.661122	
240	-0.288857	1.50347	-1.80007	1.38503	-6.67267	0.008283	0.0156469	0.547968	0.985343	22.9129	-80.1424	0.344029	-7.52778	0.788937	-7.5179	0.661122	
241	-0.287776	1.49688	-1.80006	1.40348	-6.75942	0.00821802	0.0166126	0.548489	0.979841	22.6973	-79.5076	0.264293	-7.51638	0.801053	-7.21567	0.642233	
242	-0.287101	1.4902	-1.80005	1.4117	-6.85007	0.00938981	0.0178247	0.549002	0.973845	20.5089	-79.2065	0.374762	-7.52203	0.814873	-7.46123	0.642233	
243	-0.284801	1.48343	-1.80004	1.43924	-6.93822	0.00812108	0.018167	0.549543	0.969386	19.4315	-78.4631	0.134863	-7.47009	0.827629	-7.42346	0.736679	
244	-0.284127	1.47658	-1.80003	1.43199	-7.02778	0.00950327	0.0194247	0.550053	0.963217	14.1487	-77.9944	0.280752	-7.48122	0.844627	-7.32901	0.6989	
245	-0.284127	1.46963	-1.80002	1.43199	-7.12191	0.0107076	0.0210781	0.550546	0.956283	12.4853	-79.5551	0.401447	-7.51098	0.859559	-7.27234	0.6989	
246	-0.279525	1.4626	-1.80001	1.45953	-7.21553	0.011506	0.0202206	0.551133	0.953861	14.2685	-82.2163	0.481182	-7.39027	0.876699	-7.46123	0.642233	
247	-0.27885	1.45547	-1.79999	1.48985	-7.31052	0.0134272	0.02155	0.551639	0.947421	15.7536	-85.2548	0.673303	-7.38792	0.887196	-7.1779	0.793346	
248	-0.282231	1.44824	-1.79997	1.52018	-7.4081	0.0150443	0.0251435	0.552043	0.936832	17.2388	-89.0181	0.768006	-7.50839	0.891641	-7.27234	0.736679	
249	-0.279929	1.44094	-1.79996	1.5299	-7.49297	0.0160227	0.0256234	0.552577	0.931845	15.3083	-90.1532	0.705581	-7.46218	0.908282	-7.14012	0.793346	
250	-0.279929	1.43356	-1.79994	1.57793	-7.56929	0.016941	0.0273951	0.553046	0.924483	19.2901	-89.6627	0.865797	-7.46972	0.913251	-7.1779	0.793346	
251	-0.279929	1.42609	-1.79992	1.62031	-7.6551	0.0169064	0.0291911	0.553507	0.917034	21.683	-89.5684	0.868833	-7.48089	0.920173	-7.31012	0.831125	
252	-0.279929	1.41853	-1.7999	1.66835	-7.75432	0.0174145	0.0310134	0.553961	0.909491	25.6648	-90.4249	0.802467	-7.49167	0.92723	-6.95123	0.793346	
253	-0.277627	1.41087	-1.79988	1.70068	-7.85645	0.0202827	0.0315864	0.554481	0.904153	26.1441	-91.823	1.21616	-7.43924	0.941317	-7.55568	0.831125	
254	-0.274246	1.40311	-1.79986	1.75032	-7.95551	0.0221496	0.0315852	0.555033	0.899799	31.8331	-92.7727	1.26463	-7.34857	0.953314	-6.95123	0.831125	
255	-0.269645	1.39526	-1.79983	1.8102	-8.05242	0.0245678	0.0309283	0.55562	0.896574	37.8211	-93.0511	1.38602	-7.22017	0.964464	-7.44234	0.831125	
256	-0.269645	1.3873	-1.7998	1.84253	-8.15701	0.0276688	0.0328538	0.556059	0.888647	38.3004	-94.1488	1.61628	-7.23593	0.975726	-6.85678	0.793346	
257	-0.266264	1.37924	-1.79977	1.85459	-8.26028	0.0309008	0.032925	0.556602	0.884004	36.4737	-94.9757	1.74736	-7.16341	0.994934	-7.21567	0.887792	
258	-0.259275	1.3711	-1.79974	1.88927	-8.35471	0.0336439	0.0310077	0.557257	0.88288	36.9095	-94.6606	1.85996	-6.98397	1.01237	-6.819	0.850014	
259	-0.260496	1.36286	-1.7997	1.91136	-8.44771	0.0361962	0.0336872	0.557644	0.87346	38.1469	-95.474	2.01735	-7.03387	1.024	-7.02678	0.887792	
260	-0.257115	1.35452	-1.79966	1.91296	-8.54883	0.040069	0.0338267	0.558176	0.868545	33.5032	-97.953	2.31281	-6.9676	1.04465	-6.83789	0.887792	
261	-0.260496	1.3461	-1.79961	1.95001	-8.63926	0.0441352	0.037764	0.55846	0.856787	32.9695	-98.4154	2.72288	-7.06899	1.05149	-6.87567	0.963349	
262	-0.253507	1.33758	-1.79956	1.97423	-8.73215	0.0492698	0.0359328	0.559114	0.85531	30.5885	-97.7833	3.18553	-6.89672	1.07035	-6.76233	0.94446	
263	-0.254727	1.32896	-1.7995	1.96398	-8.83252	0.0551133	0.0387154	0.559458	0.845532	26.3302	-97.6062	3.48306	-6.95615	1.08958	-6.989	0.925571	
264	-0.258108	1.32024	-1.79944	2.00103	-8.94501	0.0622767	0.0427367	0.559693	0.833492	25.0709	-98.9494	4.01271	-7.05794	1.09883	-7.02678	0.850014	
265	-0.26271	1.31141	-1.79936	2.04051	-9.05521	0.0719334	0.0474716	0.559837	0.820134	23.0317	-100.279	4.73656	-7.19241	1.10601	-6.66789	0.925571	
266	-0.258651	1.30248	-1.79927	2.07775	-9.16019	0.0836614	0.0473833	0.560366	0.815349	23.5218	-100.317	5.59927	-7.08998	1.1219	-7.04567	0.963349	
267	-0.253371	1.29344	-1.79917	2.12524	-9.26734	0.0948361	0.0466343	0.560946	0.81169	27.0646	-100.706	6.39353	-6.95439	1.13662	-6.63011	0.925571	
268	-0.256979	1.28429	-1.79906	2.10261	-9.37856	0.109206	0.0508972	0.561091	0.799049	21.3338	-102.385	7.55622	-7.07885	1.15769	-6.68678	1.03891	
269	-0.251699	1.27504	-1.79893	2.16664	-9.48841	0.12453	0.0501985	0.561665	0.795207	25.5279	-104.07	8.83342	-6.93708	1.16956	-6.17677	0.982238	
270	-0.25508	1.26568	-1.79878	2.23344	-9.59296	0.140544	0.0543886	0.561782	0.782617	32.048	-104.414	10.0475	-7.01919	1.17366	-6.34677	0.982238	
271	-0.251699	1.2562	-1.79862	2.1964	-9.72011	0.157586	0.0548109	0.562245	0.776682	24.6395	-108.086	11.3451	-6.96505	1.20475	-6.30899	1.0578	
272	-0.250028	1.2466	-1.79843	2.23781	-9.84313	0.172901	0.0562221	0.562605	0.768937	26.3576	-111.098	12.3631	-6.9266	1.21929	-6.40344	1.09557	
273	-0.250028	1.23688	-1.79824	2.31774	-9.9648	0.187564	0.0586037	0.562857	0.759414	35.3759	-113.228	13.2451	-6.91625	1.22539	-6.61122	1.0578	
274	-0.23949	1.22705	-1.79803	2.3475	-10.0828	0.201498	0.0550779	0.563702	0.760327	34.6474	-113.776	13.9222	-6.66473	1.24655	-6.57344	1.09557	
275	-0.236109	1.2171	-1.7978	2.3777	-10.1994	0.213546	0.0556083	0.564133	0.753984	33.7189	-114.416	14.1613	-6.59169	1.26309	-6.30899	1.11446	
276	-0.241389	1.20705	-1.79757	2.41016	-10.3074	0.225618	0.0610508	0.564046	0.738888	33.2403	-114.724	14.1956	-6.72038	1.27518	-6.66789	1.11446	
277	-0.246669	1.1969	-1.79731	2.45786	-10.4049	0.240281	0.0665172	0.563896	0.723714	33.2621	-113.754	14.5445	-6.84398	1.28296	-6.19566	1.11446	
278	-0.241389	1.18665	-1.79704	2.52189	-10.5076	0.257143	0.0660524	0.564412	0.719017	41.9279	-112.908	14.7937	-6.70655	1.29379	-6.38455	1.11446	
279	-0.246669	1.17629	-1.79675	2.55304	-10.625	0.277808	0.0715742	0.564194	0.703663	38.6401	-113.66	15.3278	-6.83279	1.30661	-6.25233	1.19002	
280	-0.238008	1.16579	-1.79643	2.55028	-10.7641	0.302108	0.0692589	0.564932	0.702141	31.6833	-117.116	16.1564	-6.64122	1.33444	-6.479	1.13335	
281	-0.228756	1.15516	-1.79609	2.64288	-10.8946	0.329951	0.066631	0.56569	0.701112	44.6484	-117.452	17.2365	-6.41363	1.34233	-6.59233	1.02002	
282	-0.228756	1.1444	-1.79571	2.64288	-11.0244	0.361109	0.0692626	0.56581	0.690737	40.5078	-118.123	18.8208	-6.42155	1.36486	-6.10121	1.15224	
283	-0.219503	1.13353	-1.7953	2.65556	-11.1488	0.394069	0.0666822	0.566549	0.689529	33.7813	-118.401	20.6505	-6.23038	1.38537	-6.04454	1.15224	
284	-0.217407	1.12255	-1.79484	2.68136	-11.2593	0.431383	0.0681757	0.566793	0.681097	33.3864	-117.653	22.9885	-6.18451	1.4015	-5.83676	1.19002	
285	-0.212127	1.11146	-1.79434	2.73144	-11.3703	0.476029	0.0678857	0.567244	0.675787	35.3733	-117.09	26.2483	-6.06879	1.41287	-6.38455	1.19002	
286	-0.206848	1.10026	-1.7938	2.78151	-11.4847	0.524785	0.0676168	0.567685	0.670414	37.1352	-117.723	29.9167	-5.9566	1.42413	-6.1201	1.19002	
287	-0.201568	1.08892	-1.79319	2.81633	-11.6251	0.576579	0.0673756	0.568119	0.664954	35.8473	-122.024	33.6298	-5.85324	1.43988	-6.21455	1.24669	
288	-0.201568	1.07741	-1.79254	2.88231	-11.7875	0.625455	0.0701679	0.568179	0.654107	36.0417	-127.984	36.8312	-5.8378	1.4529	-6.83789	1.24669	
289	-0.201568	1.06576	-1.79183	2.91433	-11.9496	0.675378	0.0729945	0.568216	0.643156	36.1285	-132.456	39.757	-5.82938	1.47206	-6.10121	1.28447	
290	-0.206848	1.05395	-1.79107	2.9775	-12.1016	0.723941	0.0788529	0.567819	0.626826	42.7229	-133.745	42.1833	-5.90091	1.48609	-5.61009	1.28447	
291	-0.204499	1.04201	-1.79026	3.03603	-12.2367	0.773684	0.0804057	0.56798	0.61805	39.3147	-134.207	44.3733	-5.83966	1.49789	-5.74232	1.28447	
292	-0.198179	1.02997	-1.7894	3.12314	-12.3474	0.824983	0.0797223	0.568445	0.613193	48.0251	-132.305	46.3874	-4.68802	1.51043	-6.04454	1.34113	
293	-0.195831	1.01781	-1.78847	3.18166	-12.4623	0.882005	0.0813183	0.568581	0.60431	52.6106	-131.35	48.7936	-3.78786	1.52636	-6.51677	1.32224	
294	-0.199803	1.00552	-1.78748	3.2596	-12.601	0.939848	0.0865358	0.568164	0.589028	57.8231	-134.172	50.8465	-2.85365	1.54682	-6.17677	1.36002	
295	-0.191765	0.993052	-1.78644	3.29748	-12.7731	0.991571	0.0849633	0.568746	0.585641	56.6044	-140.28	51.5541	-2.90168	1.55545	-6.49788	1.36002	
296	-0.185444	0.98039	-1.78535	3.34845	-12.9747	1.04341	0.0844086	0.569163	0.580394	56.6945	-149.005	51.8625	-2.86699	1.56654	-5.7801	1.3978	
297	-0.176501	0.967537	-1.7842	3.38899	-13.171	1.09231	0.0824011	0.569781	0.57763	57.2656	-154.589	51.5728	-3.01356	1.57548	-5.87454	1.43558	
298	-0.170181	0.954518	-1.783	3.43996	-13.3448	1.14614	0.0819203	0.570162	0.572134	55.7653	-155.73	52.0683	-2.77137	1.58489	-5.44009	1.45447	
299	-0.15858	0.941353	-1.78174	3.49373	-13.4957	1.19727	0.0784561	0.570948	0.571825	57.9403	-154.611	52.1894	-1.91439	1.5845	-4.94897	1.3978	
300	-0.146979	0.928051	-1.78043	3.57177	-13.635	1.24798	0.0750136	0.571695	0.571433	59.4266	-153.344	52.4038	-1.27839	1.57611	-4.59008	1.49225	
301	-0.14246	0.914588	-1.77907	3.59118	-13.7978	1.30279	0.0756508	0.571883	0.563857	55.5146	-156.108	52.9103	-1.26982	1.59018	-5.06231	1.47336	
302	-0.14246	0.900935	-1.77764	3.64529	-13.99	1.36387	0.0789138	0.571701	0.551634	52.2153	-164.257	53.8889	-1.43557	1.60751	-4.32563	1.43558	
303	-0.137941	0.887094	-1.77614	3.66469	-14.1841	1.42596	0.0796338	0.571846	0.543808	48.3033	-172.184	54.3956	-2.65236	1.63091	-3.64562	1.51114	
304	-0.127101	0.873088	-1.77458	3.66469	-14.3594	1.49091	0.0767719	0.572467	0.542205	40.5099	-175.842	55.106	-3.96116	1.65362	-3.13561	1.53003	
305	-0.127101	0.858951	-1.77294	3.72222	-14.4956	1.56179	0.0801384	0.572222	0.529707	42.4744	-172.253	57.0218	-3.68876	1.66398	-2.85227	1.41669	
306	-0.125383	0.844701	-1.77122	3.76667	-14.6084	1.63691	0.0825422	0.572084	0.518893	41.8213	-163.374	59.3499	-3.5563	1.67457	-2.13448	1.5678	
307	-0.120395	0.830325	-1.76942	3.82155	-14.7395	1.71673	0.0830989	0.572192	0.511306	43.256	-156.847	62.4423	-3.04824	1.67805	-2.21004	1.54891	
308	-0.115876	0.815806	-1.76754	3.81111	-14.8847	1.79632	0.083952	0.572243	0.503192	37.1148	-153.994	65.0183	-4.55342	1.71208	-1.9267	1.5678	
309	-0.115876	0.801126	-1.76556	3.87737	-15.0507	1.88204	0.0874226	0.571884	0.490488	38.3635	-155.501	68.4767	-4.49283	1.72392	-1.5678	1.51114	
310	-0.108266	0.786302	-1.76349	3.89754	-15.2012	1.97172	0.0865677	0.572161	0.485343	32.5772	-156.614	72.3744	-4.47994	1.7371	-0.812236	1.5678	
311	-0.105175	0.771365	-1.76133	3.95242	-15.3187	2.06357	0.0883179	0.572026	0.475661	36.1246	-152.088	76.0778	-4.44742	1.7462	-0.566676	1.60558	
312	-0.105175	0.756327	-1.75906	4.00228	-15.4238	2.15654	0.0918517	0.571588	0.462887	35.6997	-143.384	79.2671	-4.38359	1.75705	-0.963349	1.53003	
313	-0.109694	0.741174	-1.7567	4.08685	-15.5428	2.253	0.0979834	0.570674	0.44558	42.2157	-135.87	82.7039	-3.36183	1.75675	-2.0967	1.73781	
314	-0.105517	0.725884	-1.75422	4.17558	-15.6799	2.35944	0.0991727	0.57056	0.436944	51.089	-132.049	86.8532	-1.93711	1.74653	-2.28559	1.51114	
315	-0.107235	0.710451	-1.75163	4.22688	-15.8276	2.46682	0.103749	0.569823	0.422384	50.4658	-133.196	90.5033	-2.02943	1.76316	-2.02114	1.49225	
316	-0.108953	0.694901	-1.74894	4.27818	-15.9532	2.56335	0.10834	0.56903	0.407808	51.1514	-134.472	92.6441	-1.9532	1.77695	-1.00113	1.62447	
317	-0.107867	0.679266	-1.74614	4.31203	-16.0401	2.66092	0.111345	0.568496	0.396055	49.0487	-130.062	94.4191	-1.99398	1.78977	-1.09557	1.53003	
318	-0.101449	0.663533	-1.74324	4.40172	-16.1358	2.76337	0.111333	0.56853	0.389643	59.0614	-125.105	96.7045	-1.1485	1.78291	-2.39893	1.90781	
319	-0.0905109	0.647682	-1.74022	4.44348	-16.2558	2.86944	0.108772	0.569041	0.387743	56.611	-120.512	98.7404	-1.19778	1.78691	-3.26783	1.53003	
320	-0.0981207	0.631685	-1.73709	4.51306	-16.4038	2.98265	0.116779	0.56745	0.367269	61.5514	-120.268	101.093	-1.1423	1.8063	-3.41895	1.54891	
321	-0.0947929	0.615533	-1.73384	4.57663	-16.5635	3.09494	0.118598	0.567055	0.357697	62.4208	-124.483	103.138	-1.15075	1.8166	-1.83225	1.79447	
322	-0.0947929	0.599251	-1.73047	4.61652	-16.7008	3.20638	0.122325	0.566227	0.344782	61.4238	-127.692	104.984	-1.14087	1.83224	-0.831125	1.60558	
323	-0.0838552	0.582852	-1.72699	4.65041	-16.8179	3.31758	0.119875	0.566696	0.342804	56.3559	-127.504	106.458	-1.21005	1.8386	-0.528898	1.70003	
324	-0.0925513	0.566339	-1.72339	4.68614	-16.936	3.42572	0.128556	0.564718	0.321192	51.0552	-125.609	106.628	-1.13903	1.86158	-1.45447	1.73781	
325	-0.0925513	0.549707	-1.71967	4.70442	-17.0595	3.54087	0.132328	0.563755	0.308278	47.7536	-123.189	107.405	-1.1315	1.87943	-1.17113	1.83225	
326	-0.0816136	0.53294	-1.71582	4.74319	-17.1953	3.66647	0.129954	0.564198	0.306298	46.5007	-124.212	110.312	-1.21281	1.88683	-0.264449	1.73781	
327	-0.079372	0.516047	-1.71184	4.81992	-17.3273	3.79407	0.132507	0.563478	0.295629	50.7882	-128.722	113.315	-1.22424	1.89707	1.15224	1.7567	
328	-0.0732493	0.499042	-1.70772	4.81896	-17.4436	3.92265	0.13289	0.563244	0.288867	41.7238	-130.783	115.929	-1.27712	1.91309	1.03891	1.60558	
329	-0.084187	0.48194	-1.70347	4.86525	-17.545	4.05093	0.142873	0.560633	0.265079	42.1769	-128.922	118.148	-1.17287	1.93584	0.321116	1.64336	
330	-0.0671267	0.464749	-1.69908	4.82952	-17.6372	4.17704	0.137144	0.561883	0.269335	31.6465	-123.339	119.439	-2.72298	1.94954	0.170003	1.87003	
331	-0.061004	0.447483	-1.69456	4.8912	-17.7137	4.3039	0.137566	0.561584	0.262712	31.4565	-115.021	120.896	-1.78694	1.95766	0.6989	1.96448	
332	-0.061004	0.43014	-1.68991	4.94816	-17.791	4.43415	0.141433	0.560409	0.250025	33.1633	-109.023	122.777	-1.39501	1.97202	1.20891	1.96448	
333	-0.0548813	0.412719	-1.68511	5.00983	-17.8709	4.56849	0.141876	0.560067	0.243525	35.942	-105.304	125.091	-1.45896	1.98306	0.850014	2.05892	
334	-0.037821	0.395215	-1.68017	5.0655	-17.9562	4.70488	0.136202	0.561227	0.248022	37.9364	-102.02	127.915	-1.63632	1.98945	-0.377784	1.81336	
335	-0.0167248	0.377627	-1.67507	5.12117	-18.0401	4.85516	0.128262	0.562835	0.25663	41.6752	-98.0679	131.429	-1.85784	1.99533	-0.812236	1.5678	
336	-0.0167248	0.359963	-1.66981	5.15435	-18.1219	5.00813	0.132193	0.561649	0.244225	41.1163	-92.6631	134.166	-1.877	2.01503	-0.415562	1.70003	
337	-0.0276624	0.342217	-1.66439	5.18128	-18.203	5.15942	0.142248	0.558896	0.220961	36.1363	-87.57	136.534	-1.78269	2.0409	-0.453341	1.51114	
338	-0.0236265	0.324372	-1.65881	5.27267	-18.3023	5.31091	0.143923	0.558158	0.212731	45.3715	-85.8703	138.826	-1.84503	2.05419	-1.45447	1.51114	
339	-0.0126889	0.306417	-1.65307	5.30689	-18.4166	5.46447	0.141765	0.558384	0.211453	44.1644	-87.1567	141.355	-1.98918	2.0699	-2.75782	1.85114	
340	-0.0297492	0.28834	-1.64717	5.42115	-18.5374	5.62192	0.155212	0.554449	0.18222	59.1629	-90.0161	144.488	-1.81949	2.09287	-1.90781	1.7567	
341	-0.0257133	0.270139	-1.6411	5.42115	-18.6681	5.77816	0.156932	0.553597	0.174123	52.9954	-95.4363	147.426	-1.89299	2.11573	-1.36002	1.88892	
342	-0.0257133	0.251803	-1.63486	5.44272	-18.8029	5.9342	0.160903	0.552066	0.162022	49.4565	-101.197	150.004	-1.92012	2.13918	-0.925571	1.88892	
343	-0.0427736	0.233335	-1.62847	5.46558	-18.9401	6.08608	0.174252	0.547582	0.132888	45.5754	-106.919	151.759	-1.72677	2.17177	-1.51114	1.66225	
344	-0.0598339	0.214756	-1.62192	5.48845	-19.0552	6.2345	0.187497	0.542746	0.103798	42.2947	-109.894	152.962	-1.51516	2.20578	-2.21004	2.07781	
345	-0.0556551	0.196088	-1.61523	5.48845	-19.1492	6.36607	0.189163	0.541698	0.0959972	36.7277	-110.908	151.091	-1.59176	2.22955	-1.34113	2.0967	
346	-0.0413177	0.177341	-1.6084	5.49045	-19.2301	6.50363	0.185336	0.542528	0.0984211	33.6102	-110.821	149.55	-1.81157	2.24791	-0.377784	2.2667	
347	-0.0303801	0.158495	-1.6014	5.50853	-19.3289	6.66317	0.183369	0.542683	0.097513	32.7248	-112.594	150.375	-1.98869	2.2684	0.132224	2.07781	
348	-0.0514763	0.139547	-1.59421	5.55583	-19.4341	6.84339	0.198713	0.536717	0.0646589	28.3151	-113.181	153.248	-1.71303	2.30774	-1.24669	1.77558	
349	-0.0371389	0.120515	-1.58684	5.5843	-19.5239	7.01943	0.194958	0.537538	0.0673374	27.7406	-110.735	155.496	-1.94578	2.3274	-1.13335	1.66225	
350	-0.00750041	0.101422	-1.57928	5.60873	-19.5892	7.19481	0.182951	0.541177	0.0854406	18.7585	-105.18	157.289	-2.40118	2.33849	0.207781	1.79447	
351	-0.0285966	0.0822655	-1.57153	5.65603	-19.6491	7.37139	0.198284	0.53516	0.0529306	23.4884	-98.1054	159.324	-2.12083	2.38116	0.812236	1.94559	
352	0.00104185	0.0630151	-1.56361	5.68047	-19.7467	7.54153	0.186351	0.538825	0.0712389	23.775	-94.3701	160.733	-2.59319	2.39231	0.113335	2.17226	
353	0.00104185	0.043673	-1.55552	5.70491	-19.8405	7.70771	0.190362	0.536791	0.0599934	23.9323	-90.0379	162.163	-2.63137	2.42344	-1.15224	2.22893	
354	0.00104185	0.0242638	-1.54726	5.72934	-19.9146	7.86622	0.194362	0.534701	0.0488469	24.0896	-85.9388	163.173	-2.66597	2.45542	-0.850014	2.38004	
355	-0.0242332	0.0048013	-1.53883	5.77664	-19.9655	8.02355	0.211745	0.527375	0.0125389	28.8195	-81.6333	165.747	-2.30811	2.5069	1.19002	2.2667	
356	-0.0198697	-0.0147277	-1.53024	5.83773	-20.0329	8.17475	0.213372	0.526008	0.00595991	34.7283	-80.2793	167.112	-2.40557	2.53626	1.41669	2.72004	
357	-0.0308074	-0.0343335	-1.52149	5.8547	-20.1145	8.32759	0.223005	0.521254	6.26735	34.6172	-78.5599	166.442	-2.26892	2.58111	0	2.15337	
358	-0.00116888	-0.0539866	-1.51257	5.88095	-20.1666	8.49135	0.211404	0.525309	0.00306775	32.5123	-73.2537	164.796	-2.76289	2.59273	-0.812236	1.87003	
359	-0.0264439	-0.0736574	-1.50347	5.90482	-20.1863	8.66219	0.228473	0.517331	6.25041	32.0526	-66.2386	164.276	-2.39104	2.65326	0.47223	2.19115	
360	-0.0264439	-0.0933526	-1.49419	5.93107	-20.2055	8.83586	0.232309	0.514817	6.23999	32.2337	-61.6327	164.105	-2.41579	2.69292	2.17226	2.22893	
361	-0.0264439	-0.113093	-1.48473	5.95495	-20.2536	9.0099	0.236124	0.512254	6.22972	29.8914	-60.4469	163.851	-2.44523	2.73358	0.982238	2.55004	
362	-0.0189237	-0.132852	-1.47508	5.9621	-20.2764	9.18213	0.236074	0.511437	6.22713	28.1625	-52.9782	164.061	-2.58731	2.76863	-0.396673	2.81449	
363	0.0107148	-0.152595	-1.46525	5.98835	-20.2655	9.3525	0.224667	0.515706	6.24685	28.3439	-42.4977	164.479	-3.06685	2.78218	-0.491119	3.00338	
364	0.0403533	-0.172316	-1.45524	6.0146	-20.2387	9.52945	0.213178	0.519715	6.26678	28.5253	-32.4121	166.323	-3.54928	2.79495	1.68114	3.09783	
365	0.0775121	-0.192051	-1.44505	6.02175	-20.2502	9.70507	0.197679	0.524956	0.0112109	24.5105	-28.47	168.152	-4.18544	2.79733	1.53003	3.04116	
366	0.0478736	-0.211814	-1.43463	6.03103	-20.2758	9.91625	0.217011	0.516392	6.25541	19.3297	-24.2854	174.15	-3.71011	2.87691	-0.24556	1.96448	
367	0.0850323	-0.231571	-1.42401	6.06082	-20.2752	10.1122	0.201601	0.521732	0.000249774	20.6125	-16.0678	178.462	-4.34955	2.87897	-0.850014	2.38004	
368	0.0553939	-0.251309	-1.41321	6.06361	-20.2514	10.2809	0.220792	0.513012	6.24486	18.2658	-8.47981	178.957	-3.84542	2.96048	0.151114	2.36115	
369	0.0553939	-0.271038	-1.40224	6.06876	-20.2396	10.4456	0.22458	0.510456	6.2361	16.3939	-5.32959	178.345	-3.84837	3.00677	0.793346	2.60671	
370	0.0675043	-0.290783	-1.3911	6.07218	-20.2606	10.5968	0.222173	0.510581	6.2396	14.1107	-5.50952	176.095	-4.06083	3.03788	-1.43558	3.07894	
371	0.0675043	-0.310527	-1.37982	6.07734	-20.2589	10.7413	0.225934	0.507978	6.23114	12.2387	-0.526562	173.135	-4.06347	3.08381	-2.49337	3.30561	
372	0.0720944	-0.330241	-1.36838	6.09985	-20.2323	10.8919	0.227337	0.506389	6.22746	13.7754	4.4181	170.979	-4.13192	3.12457	-2.85227	3.45672	
373	0.0796147	-0.349928	-1.35675	6.1003	-20.2012	11.0658	0.227243	0.50546	6.22692	11.1953	6.42709	171.329	-4.24398	3.16433	-2.30448	2.73893	
374	0.0871349	-0.369644	-1.34491	6.10075	-20.2225	11.2719	0.22715	0.504521	6.22656	8.61524	1.61804	174.241	-4.37838	3.20649	-2.70116	1.58669	
375	0.0499762	-0.389396	-1.33285	6.11999	-20.2642	11.4742	0.249324	0.492923	6.18171	9.82466	-1.39694	176.917	-3.79721	3.30573	-4.64674	2.13448	
376	0.0499762	-0.409177	-1.32063	6.12331	-20.2961	11.6361	0.252882	0.490067	6.17415	9.22831	-2.02859	171.989	-3.80977	3.35613	-4.25007	2.53115	
377	0.0128174	-0.42899	-1.30824	6.11992	-20.3282	11.7855	0.274332	0.477299	6.12957	5.90928	-5.29577	167.327	-3.28608	3.44641	-3.74006	2.68227	
378	0.059158	-0.448856	-1.29571	6.12016	-20.3822	11.9233	0.255454	0.486563	6.16857	5.65582	-13.0775	164.24	-3.97967	3.4451	-3.40006	3.36228	
379	0.059158	-0.468799	-1.28304	6.11753	-20.4618	12.0654	0.258957	0.483569	6.16131	4.87633	-22.2146	161.978	-4.0067	3.49623	-3.74006	3.81562	
380	0.0637497	-0.488797	-1.27016	6.11714	-20.5186	12.258	0.260222	0.481727	6.15878	4.49624	-25.8015	166.119	-4.09603	3.54629	-4.32563	2.22893	
381	0.0637497	-0.508819	-1.25705	6.1145	-20.5466	12.4773	0.263677	0.478667	6.15187	3.71675	-28.7769	173.605	-4.10225	3.60474	-3.94784	2.17226	
382	0.0591596	-0.528874	-1.24371	6.11099	-20.573	12.6998	0.26928	0.474342	6.14056	1.11437	-34.0775	180.788	-4.03781	3.66973	-2.75782	2.19115	
383	0.0683414	-0.549001	-1.23016	6.11358	-20.6465	12.8946	0.268322	0.473665	6.14316	1.32763	-44.5266	182.878	-4.19992	3.71695	-4.11785	2.19115	
384	0.0683414	-0.569182	-1.21647	6.11304	-20.7077	13.0422	0.271696	0.47048	6.13668	1.2286	-48.5178	177.037	-4.21593	3.77182	-3.30561	3.41895	
385	0.0683414	-0.589387	-1.20261	6.11103	-20.7319	13.1859	0.275032	0.467247	6.13032	-0.896006	-46.7647	171.163	-4.21615	3.82606	-1.94559	3.96673	
386	0.119265	-0.609602	-1.18858	6.1108	-20.7431	13.3695	0.254347	0.477545	6.17507	-1.2516	-44.7069	173.34	-5.04067	3.81376	-1.62447	2.73893	
387	0.119265	-0.629865	-1.17432	6.1088	-20.7848	13.5756	0.25777	0.474407	6.16906	-1.11198	-45.6616	179.012	-5.03961	3.87592	-1.88892	2.56893	
388	0.119265	-0.650188	-1.15985	6.1088	-20.8474	13.7804	0.261159	0.471222	6.16321	-1.13681	-46.5217	185.709	-5.04887	3.93898	-3.07894	2.64449	
389	0.170189	-0.670532	-1.14519	6.10856	-20.875	13.9601	0.240342	0.480855	6.20845	-0.896602	-41.3231	189.463	-6.02894	3.90923	-3.00338	3.62673	
390	0.174773	-0.690866	-1.1304	6.10401	-20.8647	14.0799	0.241612	0.478874	6.20749	-1.31359	-34.6079	182.193	-6.0799	3.95654	-1.02002	4.91119	
391	0.221113	-0.711221	-1.11551	6.09522	-20.8811	14.1749	0.222745	0.486581	6.24836	-1.92785	-33.4446	169.757	-7.17244	3.90156	-0.982238	4.98675	
392	0.234879	-0.731625	-1.10047	6.09379	-20.9343	14.3173	0.219608	0.486621	6.25677	-1.72024	-36.1238	161.753	-7.54666	3.92346	-2.72004	2.39893	
393	0.239462	-0.752048	-1.08525	6.08062	-20.9563	14.4844	0.22093	0.484614	6.25614	-3.29535	-30.9789	158.987	-7.63024	3.97536	-3.07894	2.19115	
394	0.257757	-0.772455	-1.06985	6.07208	-20.9439	14.6663	0.215589	0.485602	6.26944	-4.09572	-23.619	162.411	-8.1165	3.98508	-1.62447	2.55004	
395	0.257757	-0.792855	-1.05426	6.07208	-20.9339	14.8383	0.219104	0.482596	6.26463	-3.89555	-20.204	165.241	-8.02965	4.05285	-0.623344	4.11785	
396	0.206833	-0.813277	-1.03853	6.07031	-20.9542	14.9684	0.246697	0.467588	6.20901	-4.04847	-21.1097	159.888	-6.56747	4.25501	-1.83225	4.64674	
397	0.262287	-0.833696	-1.02264	6.05041	-20.9577	15.1118	0.22384	0.477462	6.25993	-5.83813	-17.2933	153.625	-8.0279	4.16848	-2.68227	2.72004	
398	0.215946	-0.854067	-1.00656	6.02713	-20.9135	15.3067	0.248953	0.463332	6.20931	-8.16662	-6.60856	152.633	-6.62268	4.36549	-2.21004	0.812236	
399	0.220476	-0.874397	-0.990247	6.00547	-20.8629	15.519	0.250047	0.461213	6.20981	-10.3094	1.21185	155.893	-6.62427	4.42522	-1.19002	1.0578	
400	0.220476	-0.894733	-0.973717	5.9887	-20.8663	15.7288	0.253192	0.457947	6.20601	-11.5306	-0.159684	164.891	-6.55978	4.49599	-2.85227	2.70116	
401	0.174136	-0.915076	-0.956987	5.97708	-20.8782	15.9183	0.277074	0.442294	6.15605	-11.8142	0.291937	174.348	-5.57271	4.6464	-4.76008	4.13673	
402	0.178666	-0.935392	-0.94009	5.94885	-20.8519	16.0784	0.277965	0.440107	6.15717	-14.4943	8.23964	176.103	-5.58775	4.70138	-4.60896	3.36228	
403	0.178666	-0.955667	-0.923003	5.9407	-20.8119	16.2582	0.280804	0.436661	6.15398	-13.9926	14.44	177.38	-5.51953	4.76351	-3.43783	1.19002	
404	0.178666	-0.975934	-0.905725	5.91958	-20.796	16.4388	0.283587	0.433197	6.15099	-15.2502	14.7848	177.248	-5.46342	4.82725	-5.76121	2.05892	
405	0.229589	-0.996198	-0.888251	5.90314	-20.7975	16.6266	0.26407	0.443732	6.19912	-16.8935	13.6449	178.827	-6.37566	4.8133	-7.82013	3.62673	
406	0.292369	-1.01644	-0.870595	5.85952	-20.7769	16.8003	0.238759	0.456258	6.25932	-21.0792	17.7327	183.191	-7.90864	4.73427	-7.80124	4.79786	
407	0.287839	-1.03662	-0.852746	5.86299	-20.7087	16.9858	0.243793	0.45199	6.25246	-18.7428	24.9047	187.391	-7.61437	4.81749	-6.89456	3.38117	
408	0.338763	-1.05674	-0.834726	5.80811	-20.65	17.1484	0.223535	0.460777	0.0180975	-21.9019	26.3477	184.171	-9.23893	4.7205	-6.59233	1.90781	
409	0.334233	-1.07682	-0.816543	5.7461	-20.6174	17.3006	0.228611	0.456692	0.0116629	-25.9366	24.5511	178.16	-8.82882	4.81843	-8.02791	2.87116	
410	0.338763	-1.09685	-0.798208	5.7159	-20.561	17.446	0.229482	0.454659	0.0144996	-27.2799	30.5293	171.714	-8.79626	4.87544	-8.70792	5.38342	
411	0.394217	-1.1168	-0.779708	5.68766	-20.4809	17.601	0.206968	0.463782	0.0685047	-28.9418	39.7285	168.27	-11.4006	4.68058	-7.21567	6.83789	
412	0.394217	-1.13667	-0.761011	5.66893	-20.392	17.7854	0.209938	0.460891	0.0673329	-27.9918	45.9908	170.708	-11.0483	4.77167	-5.85565	3.3245	
413	0.394217	-1.1565	-0.742153	5.60346	-20.3438	17.9377	0.212846	0.457988	0.0663651	-33.7241	46.8074	167.942	-10.6929	4.86405	-6.17677	2.15337	
414	0.394217	-1.17628	-0.72316	5.50466	-20.3052	18.0643	0.215691	0.455069	0.0655731	-41.4919	49.0802	162.545	-10.309	4.95692	-7.82013	3.41895	
415	0.398747	-1.19601	-0.704049	5.39439	-20.2476	18.1736	0.21642	0.453124	0.0694878	-50.8752	54.9877	154.702	-10.1479	5.02445	-7.82013	6.04454	
416	0.40271	-1.21565	-0.684779	5.23706	-20.1655	18.327	0.217357	0.451076	0.0730754	-62.2458	61.1367	152.668	-9.8434	5.10908	-7.6879	4.77897	
417	0.40271	-1.23525	-0.665351	5.06419	-20.1114	18.4759	0.220025	0.44817	0.0729076	-79.8799	59.7321	149.018	-9.33457	5.21438	-7.02678	1.96448	
418	0.40724	-1.25481	-0.645801	4.95928	-20.0767	18.5912	0.220611	0.446252	0.0774264	-84.883	57.3387	144.276	-9.17797	5.28299	-9.29349	1.83225	
419	0.41177	-1.27431	-0.626149	4.86301	-20.0208	18.6877	0.221151	0.444339	0.0821059	-88.309	59.6612	138.709	-8.99115	5.34766	-9.31238	4.62785	
420	0.41177	-1.29373	-0.606375	4.73146	-19.9349	18.8034	0.223642	0.441436	0.0824607	-98.4437	62.6132	135.742	-8.4857	5.43789	-8.80237	4.64674	
421	0.423059	-1.31306	-0.586428	4.51827	-19.8379	18.9706	0.221095	0.441075	0.094369	-116.94	64.2979	136.951	-8.37223	5.50647	-9.06682	2.72004	
422	0.423059	-1.33233	-0.56636	4.38672	-19.7818	19.0875	0.223477	0.438215	0.0951648	-128.221	61.0207	130.209	-7.88198	5.59683	-9.63349	2.15337	
423	0.442046	-1.35153	-0.546193	4.27932	-19.7126	19.178	0.217482	0.439563	0.115115	-132.414	63.1165	124.034	-8.24934	5.6138	-10.6346	3.34339	
424	0.453335	-1.37065	-0.52593	4.14618	-19.6279	19.2729	0.214831	0.439204	0.12755	-135.847	67.7263	120.861	-8.18408	5.66376	-9.93572	5.02453	
425	0.464624	-1.38966	-0.505487	3.92267	-19.5132	19.4441	0.212136	0.438871	0.140274	-147.172	73.4357	127.051	-20.1458	4.62723	-8.34903	3.26783	
426	0.467793	-1.40856	-0.484892	3.786	-19.4058	19.5916	0.212952	0.436842	0.145134	-145.107	75.9707	126.456	-20.4767	4.64533	-8.46236	2.11559	
427	0.486781	-1.42738	-0.464206	3.63768	-19.3115	19.6781	0.206804	0.438156	0.165992	-142.651	79.9915	120.216	-22.913	4.48234	-8.78348	4.17451	
428	0.50331	-1.44609	-0.443421	3.47823	-19.2039	19.7684	0.201684	0.438916	0.184599	-148.105	87.2778	117.718	-25.5471	4.3014	-9.82238	6.32788	
429	0.51984	-1.46468	-0.422446	3.31878	-19.0811	19.9519	0.196512	0.439665	0.203514	-154.423	93.9616	126.421	-29.1487	4.04716	-8.9157	3.64562	
430	0.51984	-1.48313	-0.401261	3.07204	-18.947	20.1551	0.198535	0.437189	0.206246	-165.942	98.7874	135.173	-26.8588	4.28904	-7.83902	1.83225	
431	0.51984	-1.50145	-0.37993	2.8883	-18.8132	20.292	0.200475	0.434749	0.209254	-162.996	102.473	132.144	-24.8177	4.4867	-7.91457	3.34339	
432	0.536989	-1.51963	-0.358468	2.53918	-18.6636	20.4141	0.194886	0.435759	0.229692	-184.754	111.816	132.658	-28.2797	4.22532	-10.2946	4.53341	
433	0.539061	-1.53766	-0.336807	2.39086	-18.5177	20.6088	0.195795	0.433853	0.235391	-188.846	119.493	143.081	-26.3658	4.39002	-11.9191	0.358895	
434	0.527772	-1.55556	-0.314922	2.10457	-18.3762	20.8213	0.202378	0.429344	0.22809	-204.161	125.174	154.84	-20.3355	4.91973	-13.0147	0.642233	
435	0.533013	-1.57336	-0.292893	2.11715	-18.2744	20.9569	0.201756	0.428168	0.237561	-180.552	123.881	151.282	-19.7099	4.94072	-13.6191	2.13448	
436	0.518555	-1.59108	-0.270733	1.90866	-18.1968	21.0769	0.209449	0.422971	0.227537	-187.734	120.897	148.528	-15.4224	5.32594	-14.5825	3.26783	
437	0.504098	-1.60873	-0.248356	1.70017	-18.12	21.2835	0.216953	0.417686	0.217812	-193.751	119.15	160.54	-12.5784	5.60242	-15.848	1.79447	
438	0.487568	-1.62628	-0.22574	1.49168	-18.0295	21.5154	0.225121	0.411857	0.20634	-198.655	117.435	174.699	-10.4727	5.82191	-15.8291	-0.793346	
439	0.471038	-1.64373	-0.202953	1.28318	-17.9176	21.6743	0.233075	0.405923	0.195149	-203.56	116.353	172.24	-8.98617	5.97804	-14.0158	1.11446	
440	0.488187	-1.66109	-0.179997	1.1808	-17.8185	21.8356	0.227213	0.407767	0.2179	-189.125	112.851	168.048	-8.55878	5.97198	-13.2224	1.83225	
441	0.494048	-1.67835	-0.156807	1.09707	-17.7273	22.0645	0.225882	0.407058	0.229683	-179.123	108.591	177.246	-7.68036	6.01853	-12.4291	2.24781	
442	0.494048	-1.69557	-0.133392	1.09707	-17.6738	22.2769	0.226867	0.405064	0.23588	-144.211	98.9752	186.282	-6.73342	6.07489	-15.0169	1.32224	
443	0.494667	-1.71274	-0.109848	0.907389	-17.6247	22.3949	0.227528	0.40323	0.242872	-148.347	89.2947	178.61	-5.77417	6.14621	-14.1291	4.66563	
444	0.511197	-1.72989	-0.0861528	0.621994	-17.6033	22.5398	0.221702	0.404991	0.265949	-148.258	77.2939	171.856	-4.40261	6.19784	-15.2247	4.1934	
445	0.511816	-1.747	-0.0622876	0.15474	-17.5574	22.7067	0.222245	0.403211	0.273328	-196.241	71.7013	174.976	-3.2982	6.32095	-14.5258	2.4556	
446	0.528346	-1.76405	-0.0382945	-0.130655	-17.5074	22.8264	0.216297	0.404947	0.296799	-203.931	68.9434	174.952	-1.19685	6.39963	-16.2069	5.93121	
447	0.545495	-1.78106	-0.0142674	-0.389416	-17.4547	22.852	0.210029	0.406728	0.320967	-208.958	66.5251	156.851	2.04971	6.49404	-16.4525	6.57344	
448	0.562644	-1.79804	0.00983275	-0.648178	-17.4276	22.925	0.203692	0.408414	0.345236	-213.985	60.1964	140.963	6.89862	6.70546	-15.1302	1.20891	
449	0.579794	-1.81502	0.0339904	-0.90694	-17.4254	22.9847	0.19729	0.40999	0.369562	-219.012	49.219	131.046	14.2857	7.12164	-11.8435	4.94897	
450	0.579794	-1.83199	0.0581379	-1.18452	-17.4223	22.9692	0.197858	0.408111	0.376734	-236.531	39.6222	113.357	15.1037	7.22786	-9.82238	4.36341	
451	0.579794	-1.84895	0.0822455	-1.46209	-17.4002	22.9313	0.198361	0.40621	0.383887	-255.916	32.705	86.6833	15.7757	7.32031	-7.44234	2.81449	
452	0.579174	-1.86585	0.106349	-1.91099	-17.3424	22.9347	0.199044	0.404186	0.390474	-300.806	33.1395	65.7729	15.8065	7.38127	-6.479	3.94784	
453	0.578555	-1.88267	0.130444	-2.35989	-17.2757	22.9288	0.199651	0.402166	0.397121	-326.728	34.8994	53.3835	15.6855	7.42328	-5.28898	4.49563	
454	0.577263	-1.89942	0.154456	-2.49293	-17.1899	22.8471	0.200457	0.400006	0.403093	-311.493	41.3319	30.7235	15.8464	7.4588	-3.00338	5.66676	
455	0.575351	-1.9161	0.178411	-2.65261	-17.1229	22.7876	0.201436	0.397718	0.408456	-280.735	43.448	8.09738	15.7779	7.48519	-0.188892	5.27009	
456	0.571374	-1.9327	0.202312	-2.62598	-17.0377	22.7441	0.203154	0.395014	0.411783	-249.532	46.9755	-8.23224	15.4667	7.48408	1.73781	8.02791	
