count	q1	q2	q3	qd1	qd2	qd3	x	y	theta	qdd1	qdd2	qdd3	trq2	trq3	trq2_act	trq3_act	
1	-0.375011	1.80005	-1.79994	0.0531751	0	0	-0.00560088	0.517571	1.19589	53.1751	0	0	-8.92657	0.106879	-3.62673	0.887792	
2	-0.374858	1.80005	-1.79994	0.0494705	0	0	-0.00567981	0.51757	1.19605	24.7352	0	0	-8.9207	0.108275	-3.55117	0.850014	
3	-0.376541	1.80005	-1.79994	0.0514407	0	0	-0.00480877	0.517579	1.19436	17.1469	0	0	-8.99584	0.0990157	-3.60784	0.793346	
4	-0.376049	1.80005	-1.79994	0.0553519	0	0	-0.00506355	0.517576	1.19485	13.838	0	0	-8.97262	0.101031	-3.62673	0.831125	
5	-0.375753	1.80005	-1.79994	0.0576987	0	0	-0.00521642	0.517575	1.19515	11.5397	0	0	-8.95872	0.102229	-6.27121	0.321116	
6	-0.375515	1.80005	-1.79994	0.0557099	-0.00294813	0	-0.00533898	0.517574	1.19538	9.28498	-0.491355	0	-8.95921	0.103869	-9.80349	0.0755568	
7	-0.375345	1.79998	-1.79994	0.0542893	-0.0673341	0	-0.00541342	0.517581	1.19549	7.75562	-9.61916	0	-8.96683	0.106254	-8.36792	0.0755568	
8	-0.375248	1.79985	-1.79995	0.0532159	-0.149696	-0.00389888	-0.00543351	0.517597	1.19545	6.65198	-18.7119	-0.487361	-8.98263	0.0982218	-8.78348	0.0566676	
9	-0.375146	1.79967	-1.79995	0.0523881	-0.205213	-0.00578619	-0.00544706	0.517619	1.19537	5.8209	-22.8014	-0.64291	-8.99188	0.0999651	-9.33126	0.132224	
10	-0.375063	1.79947	-1.79996	0.0517259	-0.230069	-0.00731094	-0.00544718	0.517642	1.19525	5.17259	-23.0069	-0.731094	-8.99494	0.101023	-9.33126	0.0755568	
11	-0.374995	1.79922	-1.79996	0.050985	-0.250174	-0.00725928	-0.00542698	0.517672	1.19506	-0.219009	-25.0174	-0.725928	-8.99751	0.102155	-9.14237	0.0566676	
12	-0.375515	1.79896	-1.79997	0.0510878	-0.253281	-0.00724117	-0.00510093	0.517706	1.19427	0.16173	-25.3281	-0.724117	-9.02233	0.0996524	-8.9157	0.113335	
13	-0.374981	1.7987	-1.79998	0.0507546	-0.256951	-0.00724436	-0.00531964	0.517736	1.19454	-0.0686109	-25.6951	-0.724436	-9.00017	0.10287	-8.63236	0.207781	
14	-0.374981	1.79842	-1.79998	0.0492509	-0.282408	-0.00724436	-0.00525699	0.517771	1.19425	-0.610106	-28.2408	-0.724436	-9.00738	0.103898	-8.34903	0.113335	
15	-0.375515	1.79808	-1.79999	0.0561779	-0.337542	-0.00724436	-0.00490649	0.517815	1.19337	-0.152076	-33.7542	-0.724436	-9.04336	0.101362	-8.36792	0.132224	
16	-0.376073	1.79766	-1.8	0.0652369	-0.421176	-0.0101739	-0.00452536	0.517869	1.19238	0.952706	-41.8228	-1.01739	-9.08732	0.0986958	-8.5757	0.170003	
17	-0.376631	1.79717	-1.80001	0.074296	-0.488349	-0.0144056	-0.00412843	0.517931	1.19132	2.00067	-42.1014	-1.44056	-9.12795	0.095595	-8.78348	0.0755568	
18	-0.376559	1.79663	-1.80003	0.0850581	-0.534752	-0.0136951	-0.00404775	0.517996	1.19084	3.18422	-38.5056	-0.979621	-9.13421	0.0958189	-9.14237	0.0755568	
19	-0.376583	1.79605	-1.80004	0.0964486	-0.578572	-0.0122522	-0.00390707	0.518067	1.19023	4.40605	-37.3359	-0.646601	-9.14411	0.095465	-9.21793	0.132224	
20	-0.376535	1.79542	-1.80005	0.107204	-0.626547	-0.0106394	-0.00379405	0.518144	1.18963	5.54784	-39.6478	-0.332843	-9.15198	0.0957801	-9.25571	0.113335	
21	-0.37637	1.79473	-1.80006	0.11796	-0.683044	-0.0106479	-0.00372984	0.518227	1.1891	6.69751	-43.287	-0.338862	-9.15699	0.0968391	-9.12348	0.170003	
22	-0.375836	1.79398	-1.80007	0.134851	-0.75148	-0.010666	-0.00384153	0.518317	1.18887	8.37628	-49.8199	-0.342484	-9.14673	0.0992993	-8.76459	0.0755568	
23	-0.375836	1.79315	-1.80007	0.151216	-0.828256	-0.00904413	-0.00366038	0.518419	1.18803	10.0461	-57.1304	-0.179977	-9.16256	0.0993514	-8.68903	0.0755568	
24	-0.37637	1.79224	-1.80008	0.165864	-0.904314	-0.00825584	-0.00318593	0.518532	1.18658	11.6613	-62.1907	-0.101147	-9.20307	0.0966997	-8.59459	0.132224	
25	-0.375836	1.79126	-1.80009	0.173798	-0.975703	-0.00825424	-0.00324909	0.51865	1.18613	11.7621	-63.8161	-0.100988	-9.19693	0.101	-8.61348	0.0377784	
26	-0.375836	1.79021	-1.80009	0.180016	-1.04103	-0.00533433	-0.00302114	0.518778	1.18507	11.4779	-61.9849	0.483952	-9.21362	0.10282	-8.80237	0.151114	
27	-0.375112	1.78911	-1.8001	0.192918	-1.09172	-0.00349248	-0.00315757	0.518911	1.18469	11.8622	-60.3369	1.09131	-9.19256	0.107168	-9.04793	0.113335	
28	-0.375185	1.78796	-1.8001	0.199156	-1.1381	-0.00202508	-0.00287063	0.519051	1.18347	11.4098	-60.3347	1.167	-9.20844	0.108067	-9.33126	0.113335	
29	-0.375719	1.78676	-1.8001	0.203042	-1.1866	-0.0012698	-0.00233385	0.519198	1.18174	10.6593	-60.8032	1.09824	-9.24654	0.106795	-9.33126	0.0755568	
30	-0.375601	1.78551	-1.8001	0.21684	-1.23909	-0.000783505	-0.00212361	0.519349	1.1806	10.9636	-61.2538	0.985587	-9.25342	0.117694	-9.23682	0.0566676	
31	-0.375792	1.7842	-1.8001	0.230425	-1.30025	-0.000398943	-0.00174	0.519509	1.1791	11.2465	-61.7203	1.0249	-9.27651	0.117178	-9.16126	0.0377784	
32	-0.375254	1.78282	-1.8001	0.237986	-1.36788	0.0024922	-0.00171953	0.519675	1.17826	10.3135	-61.6405	1.31582	-9.27035	0.132268	-8.95348	0.170003	
33	-0.375254	1.78137	-1.8001	0.245333	-1.4401	0.00339341	-0.0014041	0.51985	1.17681	9.41173	-61.1843	1.24375	-9.29006	0.134378	-8.68903	0.0755568	
34	-0.374184	1.77984	-1.8001	0.25461	-1.51347	0.00394256	-0.00162931	0.520033	1.17636	8.87458	-60.9157	1.21984	-9.26186	0.142322	-8.63236	0.132224	
35	-0.374184	1.77824	-1.80009	0.261957	-1.58677	0.00492048	-0.00128171	0.520225	1.17476	8.81587	-61.1065	1.31747	-9.28234	0.14468	-8.85903	0.113335	
36	-0.374184	1.77657	-1.80009	0.278492	-1.65498	0.00484751	-0.000918937	0.520425	1.1731	9.84753	-61.3957	1.01818	-9.29879	0.145369	-8.85903	0.113335	
37	-0.374374	1.77484	-1.80008	0.291518	-1.71775	0.00723744	-0.00044322	0.520633	1.17118	9.86002	-62.6031	1.07299	-9.32335	0.145686	-9.42571	0.132224	
38	-0.374374	1.77305	-1.80008	0.309513	-1.77552	0.00778552	-5.33391e-05	0.520847	1.16939	11.0357	-63.7417	0.98106	-9.33685	0.146017	-9.42571	0.113335	
39	-0.374374	1.7712	-1.80007	0.328371	-1.83189	0.00771255	0.000349499	0.521067	1.16755	12.5329	-64.5281	0.898235	-9.34989	0.146177	-9.35015	0.170003	
40	-0.374027	1.76929	-1.80006	0.338167	-1.89303	0.00771681	0.000585592	0.521294	1.16599	12.1327	-65.3949	0.850031	-9.35209	0.150033	-9.33126	0.170003	
41	-0.374027	1.76731	-1.80006	0.353004	-1.95863	0.0072891	0.00101749	0.521528	1.16402	12.2578	-65.8384	0.768805	-9.36931	0.151266	-9.01015	0.113335	
42	-0.373729	1.76526	-1.80005	0.362584	-2.02988	0.00439796	0.00130996	0.521769	1.16227	12.4599	-66.1993	0.190577	-9.37724	0.155128	-8.85903	0.170003	
43	-0.373729	1.76314	-1.80005	0.377421	-2.10488	0.00187807	0.00177567	0.522018	1.16015	13.2088	-66.4778	-0.151535	-9.39765	0.156681	-8.80237	0.264449	
44	-0.373729	1.76093	-1.80005	0.398417	-2.18161	0.000540624	0.00225918	0.522275	1.15795	14.3807	-66.8136	-0.340194	-9.41614	0.147493	-8.70792	0.22667	
45	-0.373729	1.75865	-1.80005	0.413254	-2.25839	-0.000438891	0.00276068	0.52254	1.15567	15.1296	-67.1619	-0.535937	-9.43715	0.149447	-9.06682	0.132224	
46	-0.37236	1.75629	-1.80005	0.428481	-2.33362	-0.000356332	0.0025641	0.522816	1.15468	14.999	-67.8641	-0.520384	-9.39668	0.159396	-9.14237	0.113335	
47	-0.37236	1.75386	-1.80005	0.432671	-2.40584	-0.000356332	0.00309968	0.523097	1.15225	14.1153	-68.8085	-0.759377	-9.42096	0.163246	-9.46349	0.0755568	
48	-0.37236	1.75136	-1.80005	0.436861	-2.47166	3.67518e-05	0.00365065	0.523384	1.14975	12.7348	-69.6146	-0.774877	-9.44378	0.166983	-9.40682	0.0755568	
49	-0.371827	1.7488	-1.80005	0.441903	-2.53588	0	0.00393696	0.523679	1.14772	11.3533	-70.3996	-0.771255	-9.44243	0.173657	-9.42571	0.0755568	
50	-0.372364	1.74617	-1.80005	0.44673	-2.60249	0.000428238	0.00479951	0.523976	1.14455	10.8564	-70.9452	-0.728857	-9.48954	0.174359	-9.12348	0.132224	
51	-0.371528	1.74347	-1.80005	0.459103	-2.67968	0.00132839	0.00496084	0.524287	1.14268	10.6099	-72.1045	-0.596071	-9.47543	0.192349	-9.14237	0.170003	
52	-0.37115	1.74067	-1.80005	0.470518	-2.77077	0.00129963	0.00538214	0.524604	1.14026	10.7933	-74.0892	-0.309833	-9.48609	0.198409	-8.97237	0.113335	
53	-0.370315	1.73777	-1.80005	0.48289	-2.8663	0.0012927	0.00558564	0.524934	1.13821	10.5469	-76.1427	-0.0585365	-9.47757	0.207281	-9.01015	0.0755568	
54	-0.369638	1.73479	-1.80005	0.48289	-2.95821	0.00129377	0.00589383	0.525272	1.13589	8.44735	-77.6606	0.0753145	-9.48057	0.217285	-9.02904	0.170003	
55	-0.369638	1.73172	-1.80005	0.503258	-3.03874	-0.000270046	0.00657658	0.525613	1.13282	9.00042	-78.0352	0.0168845	-9.5027	0.209562	-9.12348	0.0566676	
56	-0.369638	1.72857	-1.80005	0.520551	-3.1085	-0.00197554	0.00727669	0.52596	1.12968	9.20701	-77.4874	-0.161921	-9.52348	0.201998	-9.48238	0.0755568	
57	-0.367955	1.72537	-1.80005	0.526923	-3.17361	-0.00192068	0.00710718	0.526325	1.12815	9.42526	-76.7778	-0.156435	-9.47324	0.215967	-9.38793	0.0755568	
58	-0.367955	1.72208	-1.80006	0.547291	-3.24701	-0.0019079	0.00784032	0.526684	1.12487	11.043	-77.5347	-0.194465	-9.49361	0.218392	-9.29349	0.170003	
59	-0.367955	1.71872	-1.80006	0.567658	-3.32889	3.88823e-05	0.00859306	0.527049	1.1215	12.5755	-79.3013	0.00388823	-9.51596	0.231424	-9.33126	0.170003	
60	-0.367955	1.71526	-1.80005	0.588026	-3.41618	0.00287729	0.00936635	0.527422	1.11805	14.1296	-81.3695	0.244905	-9.53968	0.244864	-9.29349	0.170003	
61	-0.367955	1.71172	-1.80005	0.610543	-3.50432	0.00431913	0.0101605	0.527802	1.11451	15.144	-82.4643	0.299074	-9.5631	0.248005	-9.19904	0.22667	
62	-0.367486	1.7081	-1.80005	0.637361	-3.58478	0.00501475	0.0107269	0.528193	1.11136	16.6843	-81.401	0.371513	-9.5622	0.252884	-9.08571	0.207781	
63	-0.367486	1.70439	-1.80004	0.659879	-3.66129	0.00500304	0.0115597	0.528585	1.10766	17.6988	-79.4987	0.371033	-9.58308	0.255637	-9.02904	0.207781	
64	-0.367864	1.70062	-1.80004	0.694676	-3.73051	0.00499664	0.0126102	0.528976	1.10351	21.1785	-77.2295	0.370288	-9.61312	0.253915	-9.10459	0.170003	
65	-0.365618	1.69678	-1.80003	0.694676	-3.79565	0.00656099	0.012288	0.529404	1.10192	19.1418	-75.6916	0.683104	-9.54267	0.273183	-9.50127	0.22667	
66	-0.36477	1.69287	-1.80002	0.70909	-3.86123	0.00826649	0.0127214	0.52982	1.09887	18.8539	-75.2729	1.0242	-9.52734	0.28203	-9.36904	0.207781	
67	-0.364207	1.68889	-1.80002	0.723086	-3.92995	0.0070345	0.0133219	0.530237	1.09546	19.6162	-75.6336	0.895518	-9.52621	0.289375	-9.42571	0.22667	
68	-0.361961	1.68484	-1.80001	0.74946	-3.99881	0.00699296	0.0130466	0.530681	1.09367	20.2169	-75.18	0.890086	-9.44648	0.304195	-9.21793	0.264449	
69	-0.360278	1.68072	-1.80001	0.777006	-4.07105	0.00506482	0.0130868	0.531123	1.09123	20.9348	-74.2154	0.502594	-9.39247	0.315636	-9.31238	0.264449	
70	-0.357596	1.67652	-1.80001	0.80338	-4.15703	0.00256783	0.0126162	0.531584	1.08971	21.5355	-74.0845	-0.0309461	-9.30094	0.333079	-9.21793	0.170003	
71	-0.356748	1.67222	-1.80001	0.816404	-4.24965	0.000249806	0.0131424	0.532028	1.08626	20.5861	-74.5335	-0.406933	-9.29556	0.333576	-9.2746	0.170003	
72	-0.357596	1.66782	-1.80001	0.824384	-4.34628	-0.000429836	0.0145946	0.532454	1.08102	18.7023	-76.1495	-0.544459	-9.36497	0.336638	-9.25571	0.302227	
73	-0.357596	1.66333	-1.80001	0.830663	-4.44072	-0.000410129	0.0156196	0.532897	1.07653	17.0784	-77.9428	-0.541316	-9.39896	0.344428	-9.10459	0.22667	
74	-0.357596	1.65875	-1.80001	0.830663	-4.53422	-0.000404802	0.0166681	0.533345	1.07194	13.5987	-80.3717	-0.540145	-9.43593	0.35337	-9.21793	0.22667	
75	-0.358159	1.65407	-1.80001	0.86663	-4.62248	-0.000405335	0.0180401	0.533786	1.0667	17.1954	-82.6828	-0.696633	-9.47854	0.353058	-9.23682	0.264449	
76	-0.357161	1.64931	-1.80001	0.891933	-4.70992	-0.000912403	0.0186007	0.534259	1.06294	18.2842	-84.8693	-0.917889	-9.45964	0.362994	-9.18015	0.302227	
77	-0.356725	1.64445	-1.80001	0.936437	-4.80134	0.000302004	0.0194846	0.534726	1.05852	21.3351	-87.1389	-0.67325	-9.45588	0.367138	-8.80237	0.321116	
78	-0.35629	1.6395	-1.80001	0.954567	-4.90258	0.000331299	0.0203937	0.535198	1.054	20.5107	-90.3774	-0.666166	-9.46797	0.376363	-8.97237	0.302227	
79	-0.355291	1.63443	-1.80001	0.971525	-5.01362	0.000601344	0.0210288	0.535688	1.04993	19.4519	-94.2576	-0.446348	-9.45933	0.389532	-8.93459	0.321116	
80	-0.35426	1.62925	-1.80001	0.989655	-5.11914	0.000862335	0.0216734	0.536184	1.04578	18.6274	-96.2115	-0.17055	-9.44759	0.402518	-8.9157	0.302227	
81	-0.35251	1.62397	-1.8	1.01591	-5.21674	0.0020352	0.0219555	0.536701	1.04226	19.9508	-96.709	0.178539	-9.39956	0.427547	-8.82126	0.264449	
82	-0.349633	1.61861	-1.8	1.03961	-5.29873	0.00201815	0.0216531	0.537246	1.03977	21.523	-95.2452	0.244799	-9.30311	0.447571	-9.04793	0.358895	
83	-0.348785	1.61318	-1.8	1.08221	-5.37355	0.00200697	0.0224594	0.53775	1.03519	25.1542	-93.2832	0.24171	-9.27986	0.453847	-8.82126	0.396673	
84	-0.346187	1.60766	-1.8	1.11521	-5.44685	0.00200856	0.0223426	0.538295	1.03227	28.4544	-91.2626	0.241337	-9.18972	0.470059	-8.78348	0.340006	
85	-0.346187	1.60207	-1.8	1.14263	-5.52552	0.00200856	0.0236439	0.538783	1.02668	27.6003	-90.304	0.24139	-9.20977	0.475344	-9.02904	0.358895	
86	-0.344556	1.59639	-1.79999	1.14263	-5.61607	0.00251563	0.0240895	0.539312	1.02264	25.07	-90.6147	0.342804	-9.18053	0.493833	-9.01015	0.321116	
87	-0.343804	1.59061	-1.79999	1.16975	-5.71498	0.00290659	0.0250339	0.539823	1.01761	23.331	-91.3641	0.260458	-9.17514	0.504248	-9.23682	0.358895	
88	-0.343052	1.58473	-1.79998	1.19686	-5.811	0.00486668	0.0260028	0.540336	1.01249	24.2295	-90.8422	0.453538	-9.16873	0.514697	-9.02904	0.415562	
89	-0.344051	1.57875	-1.79998	1.21575	-5.9069	0.00706699	0.027943	0.540803	1.00552	24.4226	-89.3273	0.646565	-9.23708	0.518668	-8.93459	0.415562	
90	-0.34345	1.57268	-1.79997	1.24488	-5.99956	0.00817594	0.0290433	0.541312	1.00006	25.5227	-88.0421	0.73136	-9.23497	0.52816	-8.82126	0.453341	
91	-0.342571	1.56651	-1.79996	1.26471	-6.10004	0.0102884	0.0300187	0.541832	0.994781	24.8801	-88.3296	0.825317	-9.22806	0.541254	-8.68903	0.396673	
92	-0.341971	1.56023	-1.79994	1.30411	-6.20784	0.0129238	0.0311728	0.542345	0.989114	26.4493	-90.9116	1.09057	-9.22352	0.550396	-8.97237	0.358895	
93	-0.339341	1.55384	-1.79993	1.32461	-6.31799	0.0133707	0.0312543	0.542923	0.985365	24.2407	-94.4441	1.13638	-9.14894	0.572166	-8.5757	0.358895	
94	-0.341092	1.54733	-1.79992	1.3342	-6.42978	0.0142325	0.0337434	0.543362	0.977121	21.8996	-98.2926	1.2224	-9.2555	0.57644	-8.61348	0.453341	
95	-0.338462	1.54071	-1.7999	1.36292	-6.53933	0.0152509	0.0338814	0.543945	0.973147	22.0291	-101.38	1.32424	-9.17613	0.597188	-8.89681	0.396673	
96	-0.337448	1.534	-1.79988	1.39004	-6.63272	0.0163689	0.0349218	0.544474	0.967465	24.7405	-101.665	1.38533	-9.15873	0.609893	-8.67014	0.415562	
97	-0.339199	1.5272	-1.79987	1.41234	-6.71757	0.0190949	0.0374917	0.5449	0.958932	24.2593	-100.259	1.61884	-9.25143	0.610745	-9.14237	0.510008	
98	-0.338319	1.52032	-1.79985	1.44735	-6.80193	0.019904	0.0386526	0.545418	0.952944	25.0488	-99.0922	1.50373	-9.23278	0.621182	-8.36792	0.491119	
99	-0.333506	1.51333	-1.79983	1.45557	-6.89851	0.0200207	0.0376911	0.546085	0.950791	23.9825	-99.1613	1.29537	-9.07656	0.654203	-8.70792	0.604454	
100	-0.333506	1.50624	-1.79981	1.48857	-7.0114	0.020026	0.0393857	0.546569	0.943714	24.3687	-101.184	1.18501	-9.09988	0.663571	-8.67014	0.510008	
101	-0.336135	1.49903	-1.79979	1.50885	-7.12258	0.0186289	0.0425491	0.546938	0.933894	24.414	-102.254	0.834052	-9.23333	0.663833	-8.27347	0.510008	
102	-0.333951	1.4917	-1.79978	1.49657	-7.24106	0.0178789	0.0431117	0.547502	0.928769	19.2466	-103.322	0.49551	-9.19601	0.691355	-8.70792	0.604454	
103	-0.333951	1.48425	-1.79976	1.53071	-7.36101	0.0204319	0.0449011	0.547971	0.921342	20.6102	-104.302	0.706114	-9.21895	0.701747	-8.59459	0.547787	
104	-0.333951	1.47669	-1.79973	1.58729	-7.47975	0.0218561	0.0467222	0.548433	0.913798	25.3085	-104.997	0.76236	-9.22921	0.708355	-8.72681	0.642233	
105	-0.336581	1.469	-1.79971	1.61514	-7.59395	0.0236868	0.0500179	0.548758	0.903509	25.2215	-105.463	0.843587	-9.35809	0.708067	-8.65125	0.642233	
106	-0.337595	1.46121	-1.79968	1.66156	-7.70791	0.0256671	0.0524597	0.549148	0.894722	27.1522	-107.518	0.92982	-9.41227	0.71178	-8.68903	0.642233	
107	-0.334965	1.45329	-1.79966	1.68568	-7.82189	0.0257001	0.0529311	0.549722	0.889464	27.334	-110.432	0.66052	-9.334	0.736201	-8.70792	0.604454	
108	-0.332781	1.44526	-1.79963	1.71194	-7.93632	0.0263846	0.0536769	0.550269	0.883643	26.4589	-113.439	0.648056	-9.2726	0.758188	-8.84015	0.566676	
109	-0.337595	1.43712	-1.7996	1.77108	-8.03915	0.0274328	0.0583023	0.550417	0.870722	31.5504	-114.064	0.741214	-9.46647	0.742316	-8.23569	0.6989	
110	-0.340225	1.42888	-1.79958	1.79521	-8.14778	0.0288267	0.0617576	0.550659	0.859876	30.6641	-113.638	0.880072	-9.59663	0.741992	-8.63236	0.547787	
111	-0.337595	1.42051	-1.79955	1.84846	-8.27214	0.030415	0.0623501	0.551211	0.854165	33.9608	-114.956	1.17861	-9.49892	0.764079	-8.59459	0.642233	
112	-0.339779	1.41202	-1.79951	1.92401	-8.39586	0.0330851	0.0656288	0.551449	0.843519	42.7442	-115.479	1.52062	-9.57969	0.759251	-8.68903	0.642233	
113	-0.342409	1.4034	-1.79948	1.93673	-8.51793	0.0354404	0.0691883	0.551632	0.832303	40.6019	-115.692	1.50086	-9.71811	0.761974	-8.61348	0.642233	
114	-0.339779	1.39465	-1.79945	1.97708	-8.64255	0.0388504	0.0698795	0.552162	0.826224	38.9789	-116.28	1.69942	-9.62457	0.787607	-8.84015	0.661122	
115	-0.337149	1.38578	-1.79941	2.01742	-8.77013	0.0416978	0.0706031	0.552687	0.820018	40.2281	-117.618	1.8011	-9.53231	0.813242	-9.10459	0.774457	
116	-0.332614	1.37678	-1.79936	2.03227	-8.89227	0.04818	0.0703032	0.55334	0.815599	37.0708	-118.437	2.25129	-9.38014	0.850971	-8.65125	0.6989	
117	-0.332614	1.36766	-1.79931	2.07454	-9.00954	0.0557157	0.0725416	0.553664	0.806533	38.8858	-118.764	3.00156	-9.38765	0.862988	-8.7457	0.642233	
118	-0.328576	1.35841	-1.79924	2.10366	-9.13733	0.0644078	0.0725759	0.55427	0.801385	39.1724	-120.101	3.80232	-9.24796	0.895859	-8.85903	0.736679	
119	-0.325947	1.34903	-1.79917	2.13321	-9.26802	0.0765263	0.0734217	0.554767	0.794709	36.2135	-122.887	4.90935	-9.16246	0.922501	-8.70792	0.736679	
120	-0.317095	1.33951	-1.79909	2.16447	-9.40449	0.089913	0.0708447	0.555709	0.794128	36.9259	-125.671	6.10863	-8.84934	0.971469	-9.33126	0.812236	
121	-0.31256	1.32985	-1.79898	2.19629	-9.54338	0.106826	0.0706941	0.556333	0.789108	34.7833	-127.124	7.64107	-8.69903	1.00301	-8.70792	0.680011	
122	-0.308025	1.32005	-1.79886	2.22812	-9.68589	0.126126	0.0705751	0.556951	0.783963	30.4105	-129.003	9.30411	-8.55152	1.03389	-8.87792	0.755568	
123	-0.299173	1.31011	-1.79872	2.29043	-9.82653	0.147621	0.0680797	0.557861	0.783015	35.3694	-130.86	11.2181	-8.24802	1.06874	-8.99126	0.736679	
124	-0.299173	1.30002	-1.79855	2.32843	-9.96853	0.171513	0.0705531	0.558152	0.773091	35.135	-132.597	13.2662	-8.25108	1.08552	-8.59459	0.812236	
125	-0.292951	1.28979	-1.79836	2.36118	-10.1061	0.19673	0.0695846	0.558869	0.769274	34.3765	-133.598	15.5032	-8.05739	1.11653	-9.04793	0.868903	
126	-0.297486	1.27942	-1.79815	2.44186	-10.2475	0.219284	0.0746606	0.558805	0.75458	40.9597	-135.52	17.1104	-8.17828	1.11634	-8.55681	0.831125	
127	-0.297486	1.26889	-1.79791	2.49512	-10.405	0.241464	0.0772419	0.559042	0.744285	42.0587	-139.549	18.5748	-8.17038	1.1325	-8.3868	0.887792	
128	-0.297486	1.25819	-1.79766	2.52618	-10.5772	0.261972	0.0798664	0.559259	0.733837	42.2514	-143.984	19.7564	-8.17434	1.15427	-8.46236	0.812236	
129	-0.297486	1.2473	-1.79739	2.57944	-10.7583	0.282103	0.0825362	0.559452	0.723226	44.6223	-149.025	20.5577	-8.16473	1.17331	-8.5757	0.906682	
130	-0.294098	1.23624	-1.79709	2.65255	-10.9305	0.305749	0.0833527	0.559908	0.71585	48.8084	-152.598	21.5836	-8.03652	1.19525	-7.99013	0.812236	
131	-0.292411	1.22503	-1.79677	2.66662	-11.0869	0.332053	0.0851587	0.560208	0.70664	47.0327	-154.349	22.5227	-7.99037	1.22245	-7.89569	0.982238	
132	-0.287336	1.21366	-1.79642	2.72275	-11.228	0.36245	0.0850995	0.560782	0.7007	49.4633	-154.212	23.6324	-7.81995	1.24655	-8.02791	0.868903	
133	-0.283949	1.20216	-1.79603	2.76482	-11.3582	0.39837	0.0860146	0.5612	0.692975	47.4389	-153.168	25.0748	-7.70648	1.26844	-7.38568	1.0578	
134	-0.274339	1.19054	-1.79561	2.82372	-11.4787	0.434988	0.0834599	0.562135	0.691384	49.5294	-151.017	26.3476	-7.41877	1.29375	-7.38568	1.02002	
135	-0.274339	1.17877	-1.79515	2.82372	-11.6281	0.475177	0.0863362	0.562243	0.680075	46.2537	-152.2	27.8446	-7.42065	1.31966	-7.48012	0.982238	
136	-0.274339	1.16682	-1.79465	2.86932	-11.8075	0.522736	0.0892532	0.562325	0.668634	42.7457	-155.998	30.3453	-7.39694	1.34027	-7.31012	1.0578	
137	-0.268117	1.15469	-1.79409	2.84882	-11.9954	0.578835	0.0887119	0.562944	0.663278	35.3696	-159.036	33.7371	-7.24284	1.37972	-6.95123	1.09557	
138	-0.268117	1.14237	-1.79346	2.93783	-12.1704	0.642878	0.0917096	0.562992	0.651585	41.1649	-159.328	38.0906	-7.19114	1.39197	-7.25345	1.09557	
139	-0.268117	1.12989	-1.79278	3.00004	-12.3267	0.7074	0.0947417	0.563012	0.639793	42.0607	-156.847	42.5297	-7.14814	1.40731	-6.38455	1.11446	
140	-0.265684	1.11728	-1.79203	3.02213	-12.4629	0.773007	0.0964325	0.56324	0.630356	36.9574	-153.242	46.7258	-7.06394	1.42976	-6.63011	1.17113	
141	-0.271906	1.10453	-1.79122	3.12758	-12.5886	0.838997	0.103021	0.562581	0.612203	46.0959	-150.172	50.6944	-7.13882	1.4293	-7.00789	1.13335	
142	-0.269474	1.09163	-1.79035	3.14966	-12.7476	0.904766	0.104771	0.562758	0.602608	42.691	-151.957	54.2316	-7.0487	1.4541	-6.55455	1.24669	
143	-0.272861	1.07854	-1.78941	3.21949	-12.9356	0.96887	0.109837	0.562284	0.587066	45.4675	-157.736	57.0501	-7.0632	1.46836	-5.96899	1.17113	
144	-0.276249	1.06525	-1.78841	3.26724	-13.1441	1.04065	0.114944	0.561749	0.571386	44.3514	-166.538	60.566	-7.07844	1.48814	-5.34564	1.32224	
145	-0.276249	1.05175	-1.78733	3.37913	-13.3368	1.1131	0.118189	0.561553	0.558964	55.5405	-170.871	63.7923	-6.97949	1.49932	-5.57231	1.19002	
146	-0.276249	1.03809	-1.78619	3.4439	-13.4927	1.18057	0.121467	0.561321	0.546446	57.4576	-168.526	65.7836	-6.9041	1.51481	-5.49676	1.34113	
147	-0.267672	1.02428	-1.78499	3.55579	-13.6383	1.24507	0.119959	0.562101	0.542415	70.6968	-164.295	66.6239	-5.50067	1.5638	-5.70454	1.36002	
148	-0.261851	1.01032	-1.78373	3.53093	-13.7947	1.30818	0.120029	0.562528	0.535533	59.3105	-162.423	66.5307	-6.49803	1.56131	-5.57231	1.30335	
149	-0.261851	0.996155	-1.7824	3.60329	-13.9913	1.37583	0.123413	0.562225	0.5227	60.3251	-166.457	66.8427	-6.41333	1.57893	-4.93008	1.30335	
150	-0.259095	0.981775	-1.78101	3.69817	-14.2073	1.44114	0.125295	0.562226	0.512469	67.6046	-174.441	66.8137	-6.26654	1.59584	-4.23118	1.37891	
151	-0.247052	0.967158	-1.77955	3.74457	-14.4413	1.51128	0.122001	0.563351	0.511356	61.6991	-185.272	67.2287	-6.00387	1.62272	-3.75895	1.34113	
152	-0.259095	0.952342	-1.77801	3.83551	-14.6355	1.58755	0.132298	0.561411	0.486031	68.5844	-188.792	68.2783	-6.07102	1.63531	-3.36228	1.36002	
153	-0.250518	0.937343	-1.7764	3.90563	-14.815	1.66971	0.131038	0.56208	0.481224	68.6141	-187.938	70.0839	-5.09145	1.67105	-3.77784	1.41669	
154	-0.238846	0.922151	-1.7747	3.94882	-15.0047	1.75423	0.128072	0.563121	0.4794	68.1589	-186.06	71.3577	-4.81882	1.68841	-3.79673	1.37891	
155	-0.230269	0.90675	-1.77292	4.01895	-15.2138	1.84607	0.126884	0.563732	0.47436	63.9823	-187.702	73.2973	-3.91412	1.71428	-3.47561	1.41669	
156	-0.21547	0.891109	-1.77103	4.07009	-15.4523	1.94897	0.12223	0.565085	0.475403	62.6194	-195.959	76.8395	-3.64408	1.72412	-2.75782	1.49225	
157	-0.21547	0.875236	-1.76904	4.14022	-15.6829	2.05866	0.125976	0.564574	0.461519	58.4428	-204.455	81.3584	-3.75136	1.73907	-2.72004	1.28447	
158	-0.212714	0.859145	-1.76694	4.25809	-15.8938	2.17664	0.128208	0.564368	0.450288	72.7156	-209.908	86.8456	-1.49457	1.77281	-2.77671	1.47336	
159	-0.19482	0.842842	-1.76472	4.31296	-16.1037	2.30019	0.121926	0.566038	0.4541	70.9662	-211.242	92.4361	-0.776922	1.76766	-2.94672	1.34113	
160	-0.197577	0.826318	-1.76236	4.35743	-16.3231	2.43666	0.12736	0.565107	0.437173	65.926	-211.585	99.5516	-1.96531	1.7808	-2.70116	1.51114	
161	-0.19482	0.809573	-1.75987	4.4435	-16.5409	2.58313	0.129717	0.564823	0.42568	69.8932	-209.957	107.185	-1.14913	1.79625	-2.68227	1.49225	
162	-0.173463	0.792606	-1.75722	4.49837	-16.7611	2.73854	0.121592	0.566866	0.432716	66.2866	-212.561	115.099	-0.695661	1.78256	-2.22893	1.36002	
163	-0.176219	0.775423	-1.75441	4.51986	-16.9714	2.90963	0.127154	0.565869	0.415586	61.4225	-215.642	123.992	-2.32984	1.8008	-2.05892	1.37891	
164	-0.179314	0.758025	-1.75144	4.6027	-17.1843	3.07395	0.132939	0.564749	0.398063	65.3873	-217.962	131.973	-2.0065	1.81802	-2.38004	1.37891	
165	-0.179314	0.740419	-1.74832	4.6808	-17.3895	3.23533	0.137007	0.563971	0.383582	66.1852	-217.569	138.926	-1.60862	1.83258	-2.02114	1.43558	
166	-0.18207	0.72261	-1.74504	4.76136	-17.5891	3.3967	0.142659	0.562747	0.366298	69.1268	-213.675	144.773	-1.21522	1.85046	-1.37891	1.68114	
167	-0.175512	0.704622	-1.7416	4.7893	-17.7657	3.56221	0.143094	0.562797	0.35831	64.9079	-208.277	150.355	-2.03768	1.85386	-0.547787	1.3978	
168	-0.175512	0.686461	-1.73799	4.8674	-17.9375	3.73135	0.147247	0.561868	0.343753	60.9313	-204.377	155.471	-1.33345	1.86904	-0.0377784	1.34113	
169	-0.168185	0.668134	-1.73422	4.8674	-18.1016	3.90186	0.147308	0.561977	0.336524	55.4444	-199.789	160.167	-2.99027	1.86994	-0.6989	1.3978	
170	-0.168185	0.649649	-1.73029	4.95669	-18.2554	4.07306	0.15151	0.560966	0.321974	59.9261	-193.23	163.64	-1.74239	1.88621	-1.58669	1.58669	
171	-0.157763	0.631021	-1.72619	4.92872	-18.3951	4.24245	0.149884	0.56149	0.317868	48.522	-185.425	165.932	-3.7312	1.88656	-0.453341	1.47336	
172	-0.164322	0.612257	-1.72192	5.00588	-18.5298	4.41399	0.157798	0.559385	0.296809	50.7505	-176.866	167.545	-3.27405	1.90049	0.604454	1.45447	
173	-0.151143	0.593335	-1.7175	5.11407	-18.6878	4.57676	0.154683	0.560299	0.295487	59.4209	-171.646	166.714	-0.979086	1.91442	0.0566676	1.5678	
174	-0.140722	0.574265	-1.71291	5.18783	-18.8345	4.74686	0.153133	0.560747	0.291425	58.5137	-165.021	167.291	-0.32417	1.92021	-0.434452	1.54891	
175	-0.140722	0.555062	-1.70816	5.21482	-18.9625	4.92358	0.157444	0.559554	0.27698	53.4019	-157.293	168.824	-0.599551	1.93662	-0.71779	1.64336	
176	-0.137965	0.535757	-1.70323	5.28121	-19.0625	5.10138	0.160219	0.558747	0.26536	51.9846	-147.342	170.468	-0.279995	1.94991	-0.377784	1.68114	
177	-0.134102	0.516325	-1.69813	5.39686	-19.188	5.27522	0.162394	0.558077	0.254886	60.7568	-142.231	171.301	-0.290493	1.95586	-0.22667	1.64336	
178	-0.134102	0.496741	-1.69287	5.4657	-19.3395	5.44619	0.166745	0.556725	0.240563	59.8303	-140.194	171.484	-0.244149	1.9724	-1.17113	1.5678	
179	-0.14728	0.477015	-1.68744	5.54854	-19.4759	5.62431	0.178411	0.553004	0.213093	68.1144	-137.427	172.245	0.0450134	2.00322	-1.11446	1.68114	
180	-0.134102	0.45718	-1.68182	5.58136	-19.5814	5.81371	0.175475	0.553828	0.212052	62.4668	-132.592	174.065	-0.166126	2.00886	-0.415562	1.19002	
181	-0.14728	0.437246	-1.676	5.71585	-19.6771	6.02445	0.187105	0.549874	0.184758	78.7126	-128.193	178.2	0.13899	2.03631	0.302227	0.831125	
182	-0.129692	0.417181	-1.66999	5.76785	-19.8065	6.22792	0.181788	0.5515	0.188297	76.1971	-127.677	181.393	-0.168858	2.03803	0.22667	1.07668	
183	-0.14287	0.396998	-1.66378	5.8006	-19.9225	6.43041	0.193404	0.547356	0.161148	68.6533	-123.471	185.365	0.122404	2.07699	0.831125	1.13335	
184	-0.14287	0.376731	-1.65736	5.8481	-19.9997	6.64258	0.197762	0.545597	0.147297	66.0262	-116.52	189.572	0.146742	2.10068	1.2278	1.17113	
185	-0.125282	0.356406	-1.65073	5.92145	-20.0531	6.86371	0.192514	0.547258	0.15119	70.6628	-109.06	194.014	-0.193993	2.10411	1.96448	0.680011	
186	-0.128039	0.335994	-1.64388	5.93693	-20.1432	7.08703	0.198391	0.544922	0.134868	65.5725	-108.069	198.564	-0.127795	2.13621	2.34226	1.20891	
187	-0.120873	0.315462	-1.63682	5.97178	-20.263	7.31581	0.198865	0.544497	0.128569	57.4915	-107.501	204.059	-0.261192	2.1579	3.30561	1.00113	
188	-0.110451	0.294823	-1.62953	6.01925	-20.368	7.54197	0.197581	0.544691	0.125637	55.3546	-102.85	209.578	-0.466415	2.17678	4.30674	1.47336	
189	-0.0901063	0.27411	-1.62203	6.08691	-20.4416	7.76286	0.190891	0.546781	0.132766	53.837	-96.5688	213.855	-0.874001	2.1867	4.8923	1.15224	
190	-0.08294	0.253292	-1.61434	6.12176	-20.5462	7.97019	0.191413	0.546282	0.126813	54.0401	-96.4885	215.648	-1.02404	2.21216	4.98675	1.15224	
191	-0.0579653	0.232332	-1.60645	6.15496	-20.6909	8.16632	0.18221	0.549076	0.138715	43.9114	-101.388	214.187	-1.52716	2.22291	5.17564	1.03891	
192	-0.0579653	0.211252	-1.59835	6.17632	-20.811	8.38989	0.186712	0.54719	0.125737	40.8469	-100.45	216.197	-1.54947	2.25765	4.85452	0.547787	
193	-0.0376207	0.190084	-1.59003	6.21169	-20.8958	8.61224	0.180077	0.549018	0.133232	41.1088	-97.3284	218.182	-1.97002	2.2759	4.85452	0.906682	
194	-0.0304545	0.168811	-1.58149	6.23231	-21.0038	8.8343	0.180686	0.5484	0.127658	38.4214	-100.415	219.172	-2.1415	2.30657	5.15675	0.547787	
195	-0.0258243	0.147389	-1.57275	6.25495	-21.1571	9.04937	0.18271	0.54728	0.119606	33.3499	-110.404	218.566	-2.27318	2.33897	3.96673	0.491119	
196	0.00395568	0.125839	-1.56381	6.29032	-21.2776	9.26388	0.17096	0.550587	0.136783	35.3388	-113.442	217.685	-2.90372	2.34995	3.45672	0.642233	
197	0.0133911	0.104229	-1.55466	6.30967	-21.3323	9.47494	0.170392	0.550261	0.13376	33.7891	-106.936	215.913	-3.12853	2.38117	3.81562	1.07668	
198	0.0299928	0.0825702	-1.5453	6.31305	-21.3825	9.68931	0.165886	0.551112	0.138059	29.38	-101.448	214.734	-3.49703	2.4077	3.6645	0.585565	
199	0.034623	0.0608275	-1.53574	6.34273	-21.4661	9.89883	0.167988	0.549922	0.130506	25.5815	-102.454	213.597	-3.64273	2.44269	2.02114	1.2278	
200	0.0274567	0.0390321	-1.52596	6.3587	-21.5166	10.1282	0.176552	0.546655	0.111326	23.6938	-97.0343	215.806	-3.54173	2.49343	1.49225	0.585565	
201	0.0156603	0.0172543	-1.51594	6.35749	-21.4954	10.3755	0.187559	0.542384	0.0877727	20.2526	-80.4428	220.917	-3.32504	2.55557	1.53003	0.0188892	
202	0.0250957	-0.00450649	-1.50571	6.37684	-21.4771	10.5913	0.186994	0.54197	0.0856765	20.0523	-66.6044	220.145	-3.53977	2.59348	1.03891	0.283338	
203	0.0345311	-0.0263046	-1.49527	6.37684	-21.5166	10.8051	0.186433	0.54153	0.0837504	16.5154	-62.0746	219.29	-3.76966	2.63101	0.0566676	0.415562	
204	0.0439666	-0.048133	-1.48464	6.37684	-21.5464	11.0074	0.185877	0.541063	0.0819861	14.453	-54.2528	217.313	-3.99826	2.66853	-0.47223	0.396673	
205	0.0321701	-0.0699481	-1.47383	6.38851	-21.5281	11.2003	0.19675	0.53652	0.0591913	13.356	-37.104	215.089	-3.77443	2.73393	-0.340006	0.774457	
206	0.0155684	-0.0917595	-1.46282	6.40346	-21.5278	11.3926	0.210063	0.530735	0.0317803	11.3145	-25.0173	212.875	-3.46028	2.80739	-0.0755568	1.02002	
207	0.0204418	-0.113615	-1.45163	6.4201	-21.5775	11.5877	0.211897	0.529262	0.0259888	11.043	-24.5178	211.279	-3.59552	2.8531	-1.20891	0.812236	
208	0.0253153	-0.135502	-1.44022	6.43738	-21.6031	11.8215	0.213725	0.527761	0.0203938	12.4332	-22.0616	213.221	-3.72465	2.90294	-1.98337	0.0566676	
209	0.0135188	-0.15736	-1.42854	6.44645	-21.5709	12.0856	0.224275	0.522587	6.2816	10.3717	-10.4743	218.674	-3.49998	2.98172	-1.26558	0.283338	
210	0.0301205	-0.179192	-1.41663	6.46861	-21.5468	12.3378	0.219914	0.523654	0.00509529	10.9906	-3.02568	220.957	-3.84703	3.01934	-0.94446	-0.453341	
211	0.0467222	-0.20105	-1.4045	6.49077	-21.5735	12.5572	0.21555	0.524661	0.0119647	13.3278	-7.81215	218.169	-4.21178	3.05306	-1.90781	-0.22667	
212	0.0515956	-0.222919	-1.39217	6.51328	-21.5814	12.7697	0.217331	0.523099	0.00729862	13.6441	-10.4343	217.84	-4.33012	3.10517	-1.51114	0.528898	
213	0.0613779	-0.244748	-1.37965	6.53206	-21.5347	12.9749	0.216528	0.522591	0.00778001	15.5221	-1.81596	216.98	-4.52793	3.1508	-0.963349	0.6989	
214	0.0662513	-0.266539	-1.36691	6.55458	-21.4994	13.1922	0.218273	0.52101	0.00360343	17.7735	4.70029	218.479	-4.62565	3.20561	-0.812236	1.19002	
215	0.0877264	-0.288338	-1.3539	6.56213	-21.5113	13.4691	0.211353	0.522996	0.0162869	17.3627	1.67961	226.885	-5.09647	3.23571	-0.6989	-0.321116	
216	0.11411	-0.310141	-1.34061	6.5687	-21.5112	13.7586	0.201833	0.525885	0.034154	16.5237	1.65484	236.593	-5.69311	3.25547	-0.340006	-1.02002	
217	0.122314	-0.331893	-1.32705	6.57146	-21.4589	14.046	0.20184	0.525028	0.0341687	15.1359	11.8583	245.827	-5.85521	3.31172	0.623344	-0.774457	
218	0.130517	-0.353611	-1.31326	6.57357	-21.4287	14.2799	0.201833	0.524167	0.0344428	13.6189	17.4407	245.842	-6.02715	3.3629	1.15224	-0.623344	
219	0.160196	-0.375366	-1.29929	6.57493	-21.4713	14.4713	0.190544	0.527489	0.0563401	12.8483	9.9527	238.57	-6.78845	3.35754	1.88892	0.151114	
220	0.165069	-0.397164	-1.28513	6.57866	-21.5162	14.6587	0.192312	0.525929	0.0535719	11.0057	3.0675	232.093	-6.93592	3.40798	2.00226	0.47223	
221	0.178146	-0.418973	-1.27074	6.58064	-21.5246	14.8964	0.189759	0.525923	0.059227	8.98694	4.89193	233.919	-7.28648	3.44365	2.34226	-1.20891	
222	0.183055	-0.440818	-1.25609	6.57964	-21.5614	15.1644	0.191498	0.524344	0.0569389	6.63609	2.00707	239.461	-7.43448	3.50305	2.36115	-1.90781	
223	0.18635	-0.462744	-1.24119	6.58161	-21.6486	15.4367	0.194081	0.522421	0.0532171	4.95537	-11.3846	246.172	-7.57435	3.56636	2.13448	-1.34113	
224	0.199474	-0.484746	-1.22604	6.58161	-21.7191	15.6833	0.19153	0.522363	0.0594872	2.70396	-21.9704	249.105	-8.0012	3.59922	1.73781	-0.71779	
225	0.204383	-0.506766	-1.21072	6.58062	-21.7332	15.8635	0.193263	0.520694	0.0576961	1.84855	-22.1839	239.434	-8.13306	3.65332	2.02114	0.528898	
226	0.212599	-0.528816	-1.1952	6.58161	-21.7668	16.0595	0.193267	0.519634	0.0593737	1.29146	-25.5617	230.099	-8.39118	3.69756	2.05892	-1.03891	
227	0.209304	-0.550953	-1.17948	6.58374	-21.8536	16.2829	0.199233	0.516278	0.0496694	1.22822	-39.4668	223.686	-8.31323	3.78234	0.868903	-1.26558	
228	0.209304	-0.573167	-1.16352	6.5791	-21.9273	16.5207	0.203461	0.513493	0.0434115	0.552831	-49.8633	224.076	-8.32649	3.86023	0.453341	-1.73781	
229	0.214225	-0.595409	-1.14734	6.56683	-21.9505	16.7556	0.205133	0.511668	0.0422718	-0.809507	-47.914	228.436	-8.45483	3.92461	0.0377784	-1.09557	
230	0.219134	-0.617703	-1.13095	6.56584	-22.0016	16.972	0.2068	0.509804	0.0412753	-1.28233	-48.5436	231.324	-8.60991	3.98633	-0.528898	-0.604454	
231	0.228914	-0.640082	-1.11438	6.55358	-22.0912	17.1615	0.205982	0.5089	0.0452506	-2.70607	-56.6622	226.513	-8.96946	4.02692	-1.79447	-1.45447	
232	0.228914	-0.662516	-1.09759	6.55358	-22.1428	17.3837	0.210123	0.505932	0.0396041	-2.60663	-58.1432	221.93	-8.94799	4.10966	-2.64449	-2.0967	
233	0.238694	-0.684948	-1.08057	6.54131	-22.1348	17.6229	0.209284	0.504991	0.0439698	-4.03036	-48.6182	218.628	-9.22696	4.1601	-1.98337	-2.90894	
234	0.230478	-0.707392	-1.06332	6.54032	-22.1518	17.867	0.217471	0.500201	0.0305613	-4.1298	-43.2736	218.369	-8.86188	4.2806	-2.13448	-2.30448	
235	0.233773	-0.729899	-1.04583	6.51964	-22.2156	18.1123	0.219835	0.497814	0.0288396	-6.09816	-48.2413	224.887	-8.95172	4.35785	-3.98562	-0.906682	
236	0.225557	-0.752449	-1.0281	6.49709	-22.2535	18.3661	0.227859	0.492804	0.0158093	-8.45206	-48.6644	230.658	-8.6046	4.48019	-3.94784	-2.38004	
237	0.238631	-0.774996	-1.01009	6.47566	-22.2487	18.6433	0.225322	0.492572	0.024341	-10.8084	-39.5069	236.046	-8.97401	4.52931	-3.19227	-3.41895	
238	0.238631	-0.797572	-0.991815	6.46175	-22.2795	18.9255	0.229196	0.489362	0.0200405	-11.7353	-35.2168	240.478	-8.90919	4.62675	-4.08007	-3.89118	
239	0.23371	-0.820204	-0.973271	6.4541	-22.3369	19.2046	0.23541	0.484948	0.0110319	-11.2736	-38.6476	244.897	-8.69511	4.74135	-5.00564	-3.11672	
240	0.246785	-0.842848	-0.954448	6.42728	-22.3433	19.4885	0.232843	0.48472	0.0202847	-13.8557	-34.1677	251.654	-9.06672	4.79474	-4.40118	-2.75782	
241	0.237005	-0.865471	-0.93532	6.41964	-22.3182	19.8094	0.241268	0.479103	0.00701073	-13.394	-22.6995	264.791	-8.60487	4.93331	-4.38229	-3.94784	
242	0.258005	-0.888112	-0.915913	6.38708	-22.3408	20.0959	0.234861	0.48079	0.0247763	-16.6498	-19.802	271.221	-9.27097	4.96122	-3.55117	-4.49563	
243	0.248225	-0.910797	-0.896254	6.37943	-22.3883	20.3565	0.243168	0.475115	0.0119706	-16.1881	-25.3533	273.355	-8.85094	5.0942	-3.11672	-4.53341	
244	0.269225	-0.933471	-0.876343	6.34687	-22.3709	20.6123	0.236757	0.476809	0.0302065	-19.3445	-21.9062	274.537	-9.49855	5.11846	-2.07781	-4.04229	
245	0.269225	-0.956091	-0.856119	6.34687	-22.3198	20.9374	0.240301	0.473502	0.0278112	-17.2767	-10.4206	282.503	-9.34407	5.22576	-0.132224	-4.77897	
246	0.290224	-0.978692	-0.835598	6.33586	-22.3024	21.2452	0.233848	0.475195	0.04673	-16.123	-4.89438	287.906	-10.0672	5.25101	-0.396673	-4.96786	
247	0.29815	-1.00129	-0.814853	6.3076	-22.2983	21.48	0.233575	0.47378	0.0528028	-16.8052	-4.96133	283.672	-10.2648	5.31816	-0.755568	-4.91119	
248	0.29815	-1.02381	-0.793898	6.3076	-22.2231	21.6918	0.236994	0.470516	0.0512358	-15.4142	5.63639	276.63	-10.0573	5.41196	0.434452	-3.98562	
249	0.30793	-1.04625	-0.772659	6.29475	-22.1339	21.9802	0.235748	0.46959	0.0598199	-15.9346	20.3062	277.566	-10.266	5.47624	0.491119	-4.91119	
250	0.320423	-1.06865	-0.751129	6.25506	-22.104	22.2883	0.233192	0.469315	0.0714445	-17.2224	23.9248	279.982	-10.653	5.53365	0.491119	-6.02565	
251	0.330203	-1.09103	-0.729396	6.24221	-22.097	22.5021	0.231879	0.468391	0.0805687	-17.7428	22.1158	269.268	-10.9695	5.58516	0.736679	-5.4212	
252	0.322278	-1.11338	-0.707499	6.24124	-22.0554	22.669	0.238769	0.463306	0.0721923	-14.5842	28.5422	257.315	-10.3716	5.70541	0.170003	-5.19453	
253	0.344552	-1.13572	-0.685369	6.1954	-22.0471	22.9062	0.231571	0.465324	0.0942552	-18.4026	34.1217	254.976	-11.2858	5.70766	-0.547787	-6.89456	
254	0.344552	-1.15815	-0.662999	6.15881	-22.1353	23.163	0.234688	0.46209	0.094204	-18.8059	23.5624	255.062	-11.1532	5.81313	1.34113	-6.72456	
255	0.366826	-1.18068	-0.640494	6.07965	-22.2457	23.3054	0.227471	0.463956	0.116449	-26.7225	7.41438	236.809	-12.2807	5.79804	1.3978	-5.89343	
256	0.366826	-1.20325	-0.617897	6.00469	-22.2808	23.3934	0.230533	0.460644	0.116474	-33.1173	2.16186	214.821	-11.9747	5.8883	0.642233	-6.27121	
257	0.371394	-1.22585	-0.595167	5.95455	-22.3074	23.5327	0.231429	0.458344	0.121174	-35.3057	-0.916078	205.267	-11.9672	5.95666	0.528898	-6.85678	
258	0.393668	-1.24851	-0.572316	5.87538	-22.3631	23.6608	0.224171	0.460036	0.143638	-43.2224	-14.0002	196.903	-13.155	5.92739	-1.43558	-6.59233	
259	0.393668	-1.2712	-0.549415	5.77401	-22.3906	23.7148	0.227104	0.456621	0.14385	-52.0746	-25.676	173.451	-12.6932	6.0216	-2.7956	-6.00677	
260	0.393668	-1.29386	-0.526425	5.74067	-22.3561	23.8027	0.229951	0.453168	0.144179	-51.4387	-25.2064	151.436	-12.253	6.10311	-2.9656	-7.63124	
261	0.410343	-1.31651	-0.503277	5.66669	-22.3412	23.9657	0.225181	0.453505	0.161354	-57.552	-24.4171	146.362	-12.9369	6.10485	-2.56893	-7.85791	
262	0.427018	-1.33915	-0.480008	5.51504	-22.3414	24.1008	0.220378	0.453769	0.178654	-72.6192	-28.602	143.182	-13.5727	6.11128	-3.53228	-6.55455	
263	0.414525	-1.36174	-0.456724	5.38836	-22.2806	24.1156	0.228686	0.44748	0.166855	-80.7044	-23.3521	120.939	-11.8356	6.28241	-5.30787	-6.2901	
264	0.423274	-1.38418	-0.433401	5.27234	-22.1241	24.1507	0.227343	0.445988	0.176487	-88.6477	1.11592	98.7783	-11.5616	6.31575	-5.2512	-7.63124	
265	0.431004	-1.40646	-0.410019	5.27234	-21.9623	24.2169	0.226388	0.444288	0.185321	-80.7311	28.331	91.1453	-11.3621	6.32945	-5.23231	-6.97011	
266	0.423078	-1.42863	-0.386628	5.13779	-21.8565	24.2354	0.232274	0.439003	0.178617	-86.6901	42.4265	84.1996	-10.0277	6.4495	-7.49901	-5.19453	
267	0.42726	-1.45069	-0.363275	4.98376	-21.752	24.1888	0.232728	0.436482	0.184089	-97.0791	55.5463	65.6101	-9.37077	6.501	-7.82013	-5.91232	
268	0.431441	-1.47263	-0.339852	4.82972	-21.63	24.2573	0.233102	0.433981	0.189756	-104.566	73.315	59.6464	-8.64585	6.56522	-6.819	-7.32901	
269	0.448116	-1.49449	-0.316339	4.71074	-21.5556	24.3591	0.227996	0.434372	0.208086	-106.326	83.5071	64.4354	-8.44881	6.57847	-8.34903	-7.21567	
270	0.455845	-1.5163	-0.292831	4.47876	-21.5123	24.3588	0.226731	0.432671	0.217515	-126.191	84.3843	55.6095	-7.59729	6.6501	-9.08571	-6.08232	
271	0.455845	-1.538	-0.269367	4.2796	-21.4052	24.303	0.228733	0.429204	0.219276	-138.709	93.6027	33.7262	-6.44132	6.73096	-8.61348	-8.10347	
272	0.455845	-1.55954	-0.245854	4.15809	-21.2419	24.3504	0.230629	0.425762	0.221244	-135.696	109.951	24.9604	-5.36998	6.79406	-7.89569	-8.25458	
273	0.47252	-1.58094	-0.222271	4.0446	-21.1041	24.4317	0.225344	0.426163	0.240103	-134.376	117.654	31.6098	-4.35398	6.81866	-7.74457	-8.31125	
274	0.47252	-1.60224	-0.1987	3.92309	-21.0085	24.42	0.227095	0.422772	0.242375	-134.925	111.559	26.9216	-3.24338	6.88103	-8.33014	-6.59233	
275	0.47252	-1.62343	-0.175085	3.63162	-20.8915	24.4557	0.228746	0.419394	0.244807	-164.072	107.08	23.88	-1.83196	6.99166	-7.21567	-8.17902	
276	0.489196	-1.64446	-0.151346	3.567	-20.7471	24.5827	0.223319	0.419841	0.264184	-157.079	110.948	34.726	-0.0634025	7.03288	-6.25233	-7.95235	
277	0.492743	-1.66536	-0.127528	3.42957	-20.6139	24.6735	0.223333	0.417358	0.270654	-155.419	113.806	48.4678	1.44579	7.11215	-4.83564	-6.53566	
278	0.492743	-1.68617	-0.103759	3.37676	-20.5262	24.6236	0.224748	0.414077	0.273616	-145.295	110.377	36.635	2.4759	7.14555	-5.47787	-6.32788	
279	0.496291	-1.70686	-0.0799843	3.13325	-20.4117	24.6175	0.224606	0.411606	0.280245	-157.75	114.39	25.8383	4.18557	7.24747	-4.51452	-7.04567	
280	0.492743	-1.72739	-0.0561724	3.15839	-20.2469	24.6543	0.227279	0.407576	0.279978	-132.038	126.532	29.5459	4.762	7.24035	-3.17339	-8.10347	
281	0.492743	-1.74777	-0.0323935	2.8706	-20.0985	24.6296	0.228395	0.404367	0.283376	-140.9	130.671	32.6655	6.12214	7.33383	-2.53115	-6.95123	
282	0.492743	-1.76805	-0.00869974	2.58281	-20.0042	24.5325	0.229424	0.401154	0.28679	-157.528	123.772	18.2068	7.33088	7.42332	-1.3978	-7.3479	
283	0.500374	-1.78824	0.0149892	2.40597	-19.9131	24.5203	0.227318	0.399698	0.297923	-163.863	119.091	8.8535	9.33982	7.52869	-0.207781	-7.08345	
284	0.503922	-1.80831	0.038693	2.13288	-19.802	24.5405	0.226778	0.397332	0.305099	-179.02	120.653	12.0554	11.049	7.64953	1.17113	-7.38568	
285	0.503922	-1.82826	0.0623223	1.82873	-19.6751	24.4681	0.227567	0.394175	0.308781	-180.289	121.642	1.23838	-0.00144765	6.63027	2.21004	-6.21455	
286	0.503922	-1.84809	0.0858887	1.54094	-19.5669	24.3955	0.228268	0.391029	0.312512	-202.605	118.016	-18.7144	1.30343	6.73171	2.92783	-8.31125	
287	0.508174	-1.86783	0.109487	1.44873	-19.466	24.4269	0.227227	0.388879	0.320628	-198.084	114.796	-24.6545	2.79991	6.79301	4.11785	-8.00902	
288	0.515974	-1.88743	0.133114	1.27189	-19.3342	24.4621	0.224739	0.387566	0.332453	-210.488	119.201	-16.1551	4.84851	6.88916	5.36453	-7.21567	
289	0.520227	-1.90687	0.156649	1.28576	-19.1768	24.3714	0.223566	0.385474	0.340798	-184.748	123.483	-24.6114	6.2334	6.90918	6.36566	-6.74344	
290	0.520227	-1.92617	0.180122	0.81427	-19.0346	24.3058	0.223955	0.38246	0.344974	-234.412	121.238	-34.8415	7.58518	7.06535	7.36679	-8.0468	
